	// BB_Appartment.pwn
	//No Of Objects 159. Objects Removed 4.
	//Created Dynamic Objects at VW 1400 Due to Pursuit.
	CreateDynamicObject(5130, 172.33180, -82.52800, 3.41400,   0.00000, 0.00000, 44.82000);
	CreateDynamicObject(5130, 195.42488, -132.62335, 3.41400,   0.00000, 0.00000, 224.82001);
	CreateDynamicObject(2774, 204.04254, -75.11977, 7.54250,   90.00000, 0.00000, 0.00000);
	CreateDynamicObject(2774, 166.27585, -140.33208, 5.28430,   92.19000, 0.00000, 0.00000);
	CreateDynamicObject(17068, 181.87990, -40.38800, 9.84187,   0.00000, 0.00000, -89.99998);
	CreateDynamicObject(17068, 165.22520, -40.38800, 9.84190,   0.00000, 0.00000, -90.00000);
	CreateDynamicObject(1688, 166.99200, -92.58500, 8.44310,   10.00000, 0.00000, 0.00000);
	CreateDynamicObject(1687, 202.32487, -91.94545, 8.35340,   10.00000, 0.00000, 0.00000);
	CreateDynamicObject(1687, 189.44084, -120.54280, 7.84939,   -10.00000, 0.00000, 0.00000);
	CreateDynamicObject(1688, 167.20415, -122.59745, 8.44310,   -10.00000, 0.00000, 0.00000);
	CreateDynamicObject(1687, 198.70520, -48.85110, 9.85940,   360.00000, 0.00000, 0.00000);
	CreateDynamicObject(3862, 187.57788, -118.46447, 1.67310,   0.00000, 0.00000, 180.00000);
	CreateDynamicObject(3862, 168.12627, -107.67628, 1.67310,   0.00000, 0.00000, 92.16010);
	CreateDynamicObject(910, 198.97861, -107.31550, 1.74610,   0.00000, 0.00000, -91.50000);
	CreateDynamicObject(19457, 153.62849, -58.02390, 9.78740,   -13.50000, 0.00000, -90.00000);
	CreateDynamicObject(19457, 156.90460, -58.02380, 9.00090,   -13.50000, 0.00000, -90.00000);
	CreateDynamicObject(1692, 189.04880, -90.36625, 8.76610,   11.00000, 0.00000, 0.00000);
	CreateDynamicObject(8209, 189.61940, -220.67180, 2.44970,   0.00000, 0.00000, 0.00000);
	CreateDynamicObject(8209, 239.08681, -171.14909, 2.44970,   0.00000, 0.00000, 90.00000);
	CreateDynamicObject(8209, 239.08681, -71.66420, 2.44970,   0.00000, 0.00000, 90.00000);
	CreateDynamicObject(8209, 239.08681, 6.92980, 2.44970,   0.00000, 0.00000, 90.00000);
	CreateDynamicObject(8209, 189.60001, 56.84040, 2.44970,   0.00000, 0.00000, 0.00000);
	CreateDynamicObject(8209, 105.30000, -220.67180, 2.44970,   0.00000, 0.00000, 0.00000);
	CreateDynamicObject(8209, 55.37970, -171.12219, 2.44970,   0.00000, 0.00000, 90.00000);
	CreateDynamicObject(8209, 55.37970, -77.40000, 2.44972,   0.00000, 0.00000, 90.00000);
	CreateDynamicObject(8209, 55.37970, 7.00000, 2.44970,   0.00000, 0.00000, 90.00000);
	CreateDynamicObject(8209, 105.29680, 56.84040, 2.44970,   0.00000, 0.00000, 0.00000);
	CreateDynamicObject(7191, 158.53755, -97.37514, -15.22663,   90.00000, 90.00000, -134.76006);
	CreateDynamicObject(7191, 161.22070, -94.66880, -15.22660,   90.00000, 90.00000, -134.76010);
	CreateDynamicObject(10671, 209.14742, -118.28946, 1.02248,   90.00000, 90.00000, 78.24001);
	CreateDynamicObject(10671, 206.96857, -120.26457, 1.02248,   90.00000, 90.00000, 8.22003);
	CreateDynamicObject(19458, 207.04420, -94.89300, 2.33360,   90.00000, 90.00000, -18.60000);
	CreateDynamicObject(19458, 209.22200, -97.05100, 2.33360,   90.00000, 90.00000, -70.86000);
	CreateDynamicObject(19458, 183.80080, -126.49320, 3.21140,   90.00000, 0.00000, 90.00000);
	CreateDynamicObject(5822, 160.84261, -11.20440, 3.37200,   0.00000, 0.00000, 277.07999);
	CreateDynamicObject(7096, 216.74890, -28.88670, 5.86950,   0.00000, 0.00000, -89.52000);
	CreateDynamicObject(19444, 210.85147, -31.08792, 8.77560,   0.00000, -45.00000, 0.00000);
	CreateDynamicObject(19444, 207.89171, -31.08801, 9.98830,   0.00000, 90.00000, 180.00000);
	CreateDynamicObject(1332, 170.89523, -55.51830, 1.49051,   0.00000, 0.00000, 0.00000);
	CreateDynamicObject(1331, 189.64865, -61.72631, 1.37427,   0.00000, 0.00000, -26.46000);
	CreateDynamicObject(1342, 212.92862, -81.09231, 1.58130,   0.00000, 0.00000, 87.00000);
	CreateDynamicObject(3615, 219.99084, -151.01022, 2.38487,   0.00000, 0.00000, -0.06001);
	CreateDynamicObject(5130, 172.33180, -82.52800, 3.41400,   0.00000, 0.00000, 44.82000);
	CreateDynamicObject(5130, 195.42488, -132.62335, 3.41400,   0.00000, 0.00000, 224.82001);
	CreateDynamicObject(2774, 204.04254, -75.11977, 7.54250,   90.00000, 0.00000, 0.00000);
	CreateDynamicObject(2774, 166.27585, -140.33208, 5.28430,   92.19000, 0.00000, 0.00000);
	CreateDynamicObject(17068, 181.87990, -40.38800, 9.84187,   0.00000, 0.00000, -89.99998);
	CreateDynamicObject(17068, 165.22520, -40.38800, 9.84190,   0.00000, 0.00000, -90.00000);
	CreateDynamicObject(1688, 166.99200, -92.58500, 8.44310,   10.00000, 0.00000, 0.00000);
	CreateDynamicObject(1687, 202.32487, -91.94545, 8.35340,   10.00000, 0.00000, 0.00000);
	CreateDynamicObject(1687, 189.44084, -120.54280, 7.84939,   -10.00000, 0.00000, 0.00000);
	CreateDynamicObject(1688, 167.20415, -122.59745, 8.44310,   -10.00000, 0.00000, 0.00000);
	CreateDynamicObject(1687, 198.70520, -48.85110, 9.85940,   360.00000, 0.00000, 0.00000);
	CreateDynamicObject(3862, 187.57788, -118.46447, 1.67310,   0.00000, 0.00000, 180.00000);
	CreateDynamicObject(3862, 168.12627, -107.67628, 1.67310,   0.00000, 0.00000, 92.16010);
	CreateDynamicObject(910, 198.97861, -107.31550, 1.74610,   0.00000, 0.00000, -91.50000);
	CreateDynamicObject(19457, 153.62849, -58.02390, 9.78740,   -13.50000, 0.00000, -90.00000);
	CreateDynamicObject(19457, 156.90460, -58.02380, 9.00090,   -13.50000, 0.00000, -90.00000);
	CreateDynamicObject(1692, 189.04880, -90.36625, 8.76610,   11.00000, 0.00000, 0.00000);
	CreateDynamicObject(8209, 189.61940, -220.67180, 2.44970,   0.00000, 0.00000, 0.00000);
	CreateDynamicObject(8209, 239.08681, -171.14909, 2.44970,   0.00000, 0.00000, 90.00000);
	CreateDynamicObject(8209, 239.08681, -71.66420, 2.44970,   0.00000, 0.00000, 90.00000);
	CreateDynamicObject(8209, 239.08681, 6.92980, 2.44970,   0.00000, 0.00000, 90.00000);
	CreateDynamicObject(8209, 189.60001, 56.84040, 2.44970,   0.00000, 0.00000, 0.00000);
	CreateDynamicObject(8209, 105.30000, -220.67180, 2.44970,   0.00000, 0.00000, 0.00000);
	CreateDynamicObject(8209, 55.37970, -171.12219, 2.44970,   0.00000, 0.00000, 90.00000);
	CreateDynamicObject(8209, 55.37970, -77.40000, 2.44972,   0.00000, 0.00000, 90.00000);
	CreateDynamicObject(8209, 55.37970, 7.00000, 2.44970,   0.00000, 0.00000, 90.00000);
	CreateDynamicObject(8209, 105.29680, 56.84040, 2.44970,   0.00000, 0.00000, 0.00000);
	CreateDynamicObject(7191, 158.53755, -97.37514, -15.22663,   90.00000, 90.00000, -134.76006);
	CreateDynamicObject(7191, 161.22070, -94.66880, -15.22660,   90.00000, 90.00000, -134.76010);
	CreateDynamicObject(10671, 209.14742, -118.28946, 1.02248,   90.00000, 90.00000, 78.24001);
	CreateDynamicObject(10671, 206.96857, -120.26457, 1.02248,   90.00000, 90.00000, 8.22003);
	CreateDynamicObject(19458, 207.04420, -94.89300, 2.33360,   90.00000, 90.00000, -18.60000);
	CreateDynamicObject(19458, 209.22200, -97.05100, 2.33360,   90.00000, 90.00000, -70.86000);
	CreateDynamicObject(19458, 183.80080, -126.49320, 3.21140,   90.00000, 0.00000, 90.00000);
	CreateDynamicObject(19458, 183.83881, -88.71310, 3.21140,   90.00000, 0.00000, 90.00000);
	CreateDynamicObject(5822, 160.84261, -11.20440, 3.37200,   0.00000, 0.00000, 277.07999);
	CreateDynamicObject(7096, 216.74890, -28.88670, 5.86950,   0.00000, 0.00000, -89.52000);
	CreateDynamicObject(19444, 210.85147, -31.08792, 8.77560,   0.00000, -45.00000, 0.00000);
	CreateDynamicObject(19444, 207.89171, -31.08801, 9.98830,   0.00000, 90.00000, 180.00000);
	CreateDynamicObject(1332, 170.89523, -55.51830, 1.49051,   0.00000, 0.00000, 0.00000);
	CreateDynamicObject(1331, 189.64865, -61.72631, 1.37427,   0.00000, 0.00000, -26.46000);
	CreateDynamicObject(1342, 212.92862, -81.09231, 1.58130,   0.00000, 0.00000, 87.00000);
	CreateDynamicObject(3615, 219.99084, -151.01022, 2.38487,   0.00000, 0.00000, -0.06001);
	CreateDynamicObject(19439, 175.89090, -88.18080, 8.49290,   450.00000, 0.00000, 90.06000);
	CreateDynamicObject(19439, 180.68649, -88.18658, 8.49290,   450.00000, 0.00000, 90.06000);
	CreateDynamicObject(19439, 179.37746, -88.18194, 8.49290,   450.00000, 0.00000, 90.06000);
	CreateDynamicObject(19439, 199.03839, -88.15559, 8.49290,   450.00000, 0.00000, 90.06000);
	CreateDynamicObject(19439, 201.56709, -88.15107, 8.49290,   450.00000, 0.00000, 90.06000);
	CreateDynamicObject(19439, 215.88046, -100.22168, 8.49290,   450.00000, 0.00000, 0.00000);
	CreateDynamicObject(19439, 214.21573, -98.55103, 8.49290,   450.00000, 0.00000, 90.06000);
	CreateDynamicObject(19439, 215.88568, -103.69357, 8.49290,   450.00000, 0.00000, 0.00000);
	CreateDynamicObject(19439, 215.89059, -104.99525, 8.49290,   450.00000, 0.00000, 0.00000);
	CreateDynamicObject(19439, 215.88113, -110.18526, 8.49290,   450.00000, 0.00000, 0.00000);
	CreateDynamicObject(19439, 215.87888, -113.58695, 8.49290,   450.00000, 0.00000, 0.00000);
	CreateDynamicObject(19439, 215.88300, -114.97230, 8.49290,   450.00000, 0.00000, 0.00000);
	CreateDynamicObject(19439, 214.20631, -116.62000, 8.49290,   450.00000, 0.00000, 90.06000);
	CreateDynamicObject(19439, 212.53819, -116.61390, 8.15290,   450.00000, 0.00000, 90.06000);
	CreateDynamicObject(19439, 210.03270, -118.23442, 8.15290,   450.00000, 0.00000, 156.78014);
	CreateDynamicObject(19439, 209.68837, -119.01700, 8.15290,   450.00000, 0.00000, 156.78014);
	CreateDynamicObject(19439, 205.48050, -125.36514, 8.49290,   450.00000, 0.00000, 0.00000);
	CreateDynamicObject(19439, 205.49149, -123.34129, 8.15290,   450.00000, 0.00000, -0.30000);
	CreateDynamicObject(19439, 203.80356, -127.04346, 8.49290,   450.00000, 0.00000, 90.06000);
	CreateDynamicObject(19439, 200.31662, -127.05581, 8.49290,   450.00000, 0.00000, 90.06000);
	CreateDynamicObject(19439, 199.04973, -127.04714, 8.49290,   450.00000, 0.00000, 90.06000);
	CreateDynamicObject(19439, 191.82846, -127.03370, 8.49290,   450.00000, 0.00000, 90.06000);
	CreateDynamicObject(19439, 188.42702, -127.04590, 8.49290,   450.00000, 0.00000, 90.06000);
	CreateDynamicObject(19439, 187.06786, -127.04572, 8.49290,   450.00000, 0.00000, 90.06000);
	CreateDynamicObject(19439, 180.66666, -127.02907, 8.49290,   450.00000, 0.00000, 90.06000);
	CreateDynamicObject(19439, 177.18385, -127.03038, 8.49290,   450.00000, 0.00000, 90.06000);
	CreateDynamicObject(19439, 175.90334, -127.03220, 8.49290,   450.00000, 0.00000, 90.06000);
	CreateDynamicObject(19439, 168.65424, -127.04002, 8.49290,   450.00000, 0.00000, 90.06000);
	CreateDynamicObject(19439, 163.89374, -127.04056, 8.49290,   450.00000, 0.00000, 90.06000);
	CreateDynamicObject(19439, 162.24454, -125.37456, 8.49290,   450.00000, 0.00000, -0.12001);
	CreateDynamicObject(19439, 162.25500, -123.71270, 8.15290,   450.00000, 0.00000, -0.12000);
	CreateDynamicObject(19439, 160.68460, -121.24617, 8.15290,   450.00000, 0.00000, 67.74002);
	CreateDynamicObject(19439, 160.21130, -121.07092, 8.15290,   450.00000, 0.00000, 67.68007);
	CreateDynamicObject(19439, 157.70926, -118.29818, 8.15290,   450.00000, 0.00000, 22.98002);
	CreateDynamicObject(19439, 157.93607, -118.85513, 8.15290,   450.00000, 0.00000, 22.98002);
	CreateDynamicObject(19439, 153.47986, -116.62484, 8.49290,   450.00000, 0.00000, 90.06000);
	CreateDynamicObject(19439, 155.37959, -116.62240, 8.15290,   450.00000, 0.00000, 89.58000);
	CreateDynamicObject(19439, 151.83415, -114.96260, 8.49290,   450.00000, 0.00000, -0.12001);
	CreateDynamicObject(19439, 151.83415, -114.96260, 8.49290,   450.00000, 0.00000, -0.12001);
	CreateDynamicObject(19439, 151.84210, -111.51269, 8.49290,   450.00000, 0.00000, -0.12001);
	CreateDynamicObject(19439, 151.85640, -110.21050, 8.49290,   450.00000, 0.00000, -0.12000);
	CreateDynamicObject(19439, 151.83813, -105.01781, 8.49290,   450.00000, 0.00000, -0.12000);
	CreateDynamicObject(19439, 151.83064, -101.57778, 8.49290,   450.00000, 0.00000, -0.12000);
	CreateDynamicObject(19439, 151.82890, -100.23740, 8.49290,   450.00000, 0.00000, -0.12000);
	CreateDynamicObject(19439, 153.53021, -98.59179, 8.49290,   450.00000, 0.00000, -90.05998);
	CreateDynamicObject(19439, 155.17508, -98.58785, 8.13290,   450.00000, 0.00000, -90.06000);
	CreateDynamicObject(19439, 157.68463, -96.97928, 8.13290,   450.00000, 0.00000, -202.97995);
	CreateDynamicObject(19439, 157.92329, -96.39454, 8.13290,   450.00000, 0.00000, -202.97995);
	CreateDynamicObject(19439, 160.18854, -94.16245, 8.13290,   450.00000, 0.00000, -247.91994);
	CreateDynamicObject(19439, 160.56169, -94.00504, 8.13290,   450.00000, 0.00000, -247.91994);
	CreateDynamicObject(19439, 162.24144, -91.71947, 8.13290,   450.00000, 0.00000, -360.05981);
	CreateDynamicObject(19439, 162.23474, -89.82922, 8.49290,   450.00000, 0.00000, 0.12000);
	CreateDynamicObject(19439, 163.92017, -88.18548, 8.49290,   450.00000, 0.00000, -90.05998);
	CreateDynamicObject(19439, 167.40019, -88.19370, 8.49290,   450.00000, 0.00000, -90.05998);
	CreateDynamicObject(19439, 168.68155, -88.17769, 8.49290,   450.00000, 0.00000, -90.05998);
	CreateDynamicObject(19439, 170.32887, -89.82082, 8.49290,   450.00000, 0.00000, 0.12000);
	CreateDynamicObject(19439, 174.25163, -89.83622, 8.49290,   450.00000, 0.00000, 0.12000);
	CreateDynamicObject(19439, 182.30092, -89.88609, 8.49290,   450.00000, 0.00000, 0.12000);
	CreateDynamicObject(19439, 197.39934, -89.80560, 8.49290,   450.00000, 0.00000, 0.12000);
	CreateDynamicObject(19439, 205.47385, -89.81052, 8.49290,   450.00000, 0.00000, 0.12000);
	CreateDynamicObject(19439, 205.47040, -91.55228, 8.13290,   450.00000, 0.00000, 0.12000);
	CreateDynamicObject(19439, 207.08035, -93.98462, 8.13290,   450.00000, 0.00000, -112.13999);
	CreateDynamicObject(19439, 207.52388, -94.16942, 8.13290,   450.00000, 0.00000, -112.13999);
	CreateDynamicObject(19439, 209.78673, -96.43219, 8.13290,   450.00000, 0.00000, -157.07973);
	CreateDynamicObject(19439, 210.01213, -96.91141, 8.13290,   450.00000, 0.00000, -157.07973);
	CreateDynamicObject(19439, 212.49583, -98.59050, 8.13290,   450.00000, 0.00000, -90.53976);
	CreateDynamicObject(19439, 207.37161, -121.10984, 8.15290,   450.00000, 0.00000, 112.20010);
	CreateDynamicObject(19439, 207.05539, -121.23316, 8.15290,   450.00000, 0.00000, 112.20010);
	CreateDynamicObject(19439, 197.40135, -125.37934, 8.49290,   450.00000, 0.00000, 0.12000);
	CreateDynamicObject(19439, 193.48021, -125.34338, 8.49290,   450.00000, 0.00000, 0.12000);
	CreateDynamicObject(19439, 185.40852, -125.37862, 8.49290,   450.00000, 0.00000, 0.12000);
	CreateDynamicObject(19439, 182.32741, -125.39089, 8.49290,   450.00000, 0.00000, 0.12000);
	CreateDynamicObject(19439, 174.24281, -125.32315, 8.49290,   450.00000, 0.00000, 0.12000);
	CreateDynamicObject(19439, 170.31430, -125.39346, 8.49290,   450.00000, 0.00000, 0.12000);
	
	// Dillimore-Closed.pwm
	CreateDynamicObject(8263, 841.41260, -597.10303, 18.29367,   0.00000, 0.00000, 90.00000,1400);
	CreateDynamicObject(8315, 839.76672, -508.30591, 18.22400,   0.00000, 0.00000, 5.81990,1400);
	CreateDynamicObject(8209, 788.11139, -477.82541, 18.69464,   0.00000, -1.00000, -1.26000,1400);
	CreateDynamicObject(8263, 784.66174, -650.12555, 17.44050,   0.00000, 0.00000, 181.92000,1400);
	CreateDynamicObject(8209, 678.30713, -652.73877, 17.42441,   0.00000, 0.00000, -179.17999,1400);
	CreateDynamicObject(8315, 606.95801, -634.20557, 19.43822,   0.00000, 0.00000, 51.00000,1400);
	CreateDynamicObject(8315, 585.87549, -586.09851, 18.98351,   0.00000, 0.00000, 0.00000,1400);
	CreateDynamicObject(8315, 737.51788, -448.06741, 15.23130,   0.00000, 0.00000, -356.45999,1400);
	CreateDynamicObject(8315, 707.78119, -421.80359, 16.32729,   4.00000, 0.00000, -982.14038,1400);
	CreateDynamicObject(8315, 587.82922, -527.86078, 18.38492,   0.00000, 0.00000, 0.00000,1400);
	CreateDynamicObject(8315, 609.45514, -478.22815, 17.66357,   0.00000, 0.00000, -43.32000,1400);
	CreateDynamicObject(8613, 788.51569, -610.01801, 19.70300,   3.00000, 0.00000, -180.00000,1400);
	CreateDynamicObject(12987, 606.63770, -604.71411, 19.09840,   0.00000, 0.00000, 180.00000,1400);
	CreateDynamicObject(14407, 611.65265, -585.99371, 23.19100,   12.00000, 0.00000, -179.70000,1400);
	CreateDynamicObject(8613, 664.68396, -620.80109, 19.66597,   0.00000, 0.00000, -179.94011,1400);
	CreateDynamicObject(3567, 689.55914, -528.86932, 15.92294,   0.00000, 0.00000, 0.00000,1400);
	CreateDynamicObject(3576, 691.55591, -607.49408, 16.73841,   0.00000, 0.00000, 93.89999,1400);
	CreateDynamicObject(923, 713.49274, -590.22052, 16.17533,   5.52000, 1.38000, -21.77999,1400);
	CreateDynamicObject(922, 714.21277, -562.14594, 16.17747,   0.00000, 0.00000, 2.52000,1400);
	CreateDynamicObject(925, 700.69861, -564.88672, 22.05223,   0.00000, 0.00000, -82.98000,1400);
	CreateDynamicObject(925, 694.23376, -575.94971, 22.05223,   0.00000, 0.00000, -234.23996,1400);
	CreateDynamicObject(931, 700.12744, -505.29758, 21.32403,   0.00000, 0.00000, 0.00000,1400);
	CreateDynamicObject(17055, 667.20221, -580.28192, 17.43322,   0.00000, 0.00000, 0.00000,1400);
	CreateDynamicObject(16599, 647.89136, -508.57452, 19.66543,   0.00000, 0.00000, 0.00000,1400);
	CreateDynamicObject(939, 802.56720, -608.09149, 17.51190,   0.00000, 0.00000, 57.00000,1400);
	CreateDynamicObject(931, 758.82404, -594.52618, 21.21714,   0.00000, 0.00000, 0.00000,1400);
	CreateDynamicObject(931, 758.88171, -598.41284, 21.21714,   0.00000, 0.00000, 0.00000,1400);
	CreateDynamicObject(1332, 728.61481, -521.34552, 16.12304,   0.00000, 0.00000, 0.00000,1400);
	CreateDynamicObject(3615, 698.93542, -453.90012, 17.07059,   0.00000, 0.00000, 0.00000,1400);
	CreateDynamicObject(3576, 749.59430, -536.97180, 16.55736,   0.00000, 0.00000, 0.00000,1400);
	CreateDynamicObject(3566, 820.57977, -529.15576, 17.33647,   0.00000, 0.00000, -59.81998,1400);
	CreateDynamicObject(3798, 786.78601, -522.34894, 15.20511,   0.00000, 0.00000, 0.00000,1400);
	CreateDynamicObject(3862, 634.37909, -522.31146, 16.36780,   0.00000, 0.00000, 0.48002,1400);
	CreateDynamicObject(8615, 672.47198, -571.42737, 17.92263,   0.00000, 0.00000, 90.11999,1400);
	CreateDynamicObject(16599, 697.27173, -583.61334, 22.99266,   0.00000, 0.00000, 0.00000,1400);
	CreateDynamicObject(1437, 653.04993, -508.51450, 21.42590,   -35.00000, 0.00000, 90.96000,1400);
	CreateDynamicObject(12985, 704.17529, -623.82007, 18.93859,   0.00000, 0.00000, -179.28004,1400);
	CreateDynamicObject(3175, 653.02698, -582.15131, 15.06313,   0.00000, 0.00000, 0.00000,1400);
	//BugFix
	CreateDynamicObject(7191, 806.74530, -638.21332, 22.95950,   0.00000, 0.00000, -90.00000,1400);
	CreateDynamicObject(7191, 809.23718, -614.79889, 22.95950,   0.00000, 0.00000, -269.57999,1400);
	CreateDynamicObject(19463, 784.20740, -633.31122, 24.19250,   14.00000, 0.00000, 0.00000,1400);
	CreateDynamicObject(19463, 784.25623, -620.31512, 24.12590,   -14.00000, 0.00000, 0.00000,1400);
	CreateDynamicObject(7191, 809.40131, -638.21887, 22.95950,   0.00000, 0.00000, -270.00000,1400);
	CreateDynamicObject(19458, 831.69592, -619.57178, 24.47780,   -12.00000, 0.00000, 0.00000,1400);
	CreateDynamicObject(19458, 831.69598, -633.28027, 24.59900,   12.00000, 0.00000, 0.00000,1400);
	CreateDynamicObject(19458, 831.69598, -622.39001, 25.07600,   -12.00000, 0.00000, 0.00000,1400);
	CreateDynamicObject(19458, 831.69598, -631.08350, 25.06620,   12.00000, 0.00000, 0.00000,1400);
	CreateDynamicObject(8315, 635.52777, -429.03357, 17.18781,   0.00000, 0.00000, -8.28000,1400);
	CreateDynamicObject(8315, 652.13983, -413.54959, 17.78866,   0.00000, 0.00000, -291.23999,1400);
	CreateDynamicObject(8209, 788.11139, -477.82541, 20.56896,   0.00000, -1.00000, -1.26000,1400);
	CreateDynamicObject(19458, 664.56030, -650.63422, 23.32718,   0.00000, 0.00000, -89.93999,1400);
	CreateDynamicObject(19458, 666.28088, -650.63422, 23.32720,   0.00000, 0.00000, -89.94000,1400);
	CreateDynamicObject(19458, 666.87451, -650.63422, 23.32720,   0.00000, 0.00000, -89.94000,1400);
	CreateDynamicObject(8209, 678.30713, -652.73877, 23.00000,   0.00000, 0.00000, -179.17999,1400);
	CreateDynamicObject(19458, 666.82813, -624.94110, 22.59929,   0.00000, 0.00000, -89.93999,1400);




	// Farm_Map.pwn
	
	//47 Objects @ VW 1400
	CreateDynamicObject(12808, -538.63043, -130.14944, 71.99610,   5.00000, 17.00000, 90.00000,1400);
	CreateDynamicObject(3414, -584.89990, -173.45689, 80.19580,   356.85840, 1.00000, -90.00000,1400);
	CreateDynamicObject(19443, -540.39355, -72.66376, 63.53800,   0.00000, 0.00000, 0.00000,1400);
	CreateDynamicObject(19443, -541.40192, -59.48797, 63.53800,   0.00000, 0.00000, 0.00000,1400);
	CreateDynamicObject(3279, -562.69501, -197.06987, 77.23398,   0.00000, 0.00000, -180.23999,1400);
	CreateDynamicObject(3279, -443.37485, -59.43293, 57.49483,   0.00000, 0.00000, -357.54001,1400);
	CreateDynamicObject(3364, -567.92981, -158.66788, 76.43490,   -2.00000, 0.00000, 8.53400,1400);
	CreateDynamicObject(791, -497.16425, 1.47776, 44.81328,   3.14159, 0.00000, -22.05063,1400);
	CreateDynamicObject(791, -449.86462, 10.79734, 46.53906,   3.14159, 0.00000, 1.16937,1400);
	CreateDynamicObject(791, -612.87970, -58.37849, 44.81328,   3.14159, 0.00000, -134.61060,1400);
	CreateDynamicObject(791, -611.50262, -192.77267, 61.05426,   3.14159, 0.00000, 3.27135,1400);
	CreateDynamicObject(791, -412.56467, -57.82188, 36.61585,   356.85840, 0.00000, 3.14159,1400);
	CreateDynamicObject(791, -539.17358, -9.79378, 40.92639,   3.14159, 0.00000, -22.05063,1400);
	CreateDynamicObject(791, -412.09366, -172.43581, 44.81328,   3.14159, 0.00000, -51.81061,1400);
	CreateDynamicObject(791, -642.51935, -145.55946, 57.76018,   3.14159, 0.00000, 0.93135,1400);
	CreateDynamicObject(12957, -535.71539, -178.37073, 78.02783,   0.00000, 0.00000, 89.69999,1400);
	CreateDynamicObject(12957, -535.25714, -176.41455, 78.40160,   0.00000, 25.00000, 89.70000,1400);
	CreateDynamicObject(10401, -472.56281, -85.89274, 61.15257,   -5.00000, 0.00000, -48.24000,1400);
	CreateDynamicObject(838, -458.67752, -88.78654, 61.83487,   0.00000, 0.00000, 0.00000,1400);
	CreateDynamicObject(838, -453.68692, -82.21919, 61.83487,   0.00000, 0.00000, 0.00000,1400);
	CreateDynamicObject(843, -454.01746, -87.22684, 59.05561,   0.00000, 0.00000, -41.94000,1400);
	CreateDynamicObject(845, -457.17377, -81.65659, 59.49426,   0.00000, 0.00000, -92.81998,1400);
	CreateDynamicObject(3279, -469.78418, 0.82176, 51.26099,   0.00000, 0.00000, -182.15999,1400);
	CreateDynamicObject(12808, -474.75583, -58.77058, 61.33154,   356.85840, 2.00000, -4.35840,1400);
	CreateDynamicObject(17055, -489.50745, -133.34106, 68.68090,   -22.00000, 0.00000, -3.90000,1400);
	CreateDynamicObject(17055, -527.36462, -69.53370, 62.12280,   0.00000, 0.00000, -3.90000,1400);
	CreateDynamicObject(16599, -454.36899, -141.57108, 74.42507,   0.00000, 0.00000, 0.00000,1400);
	CreateDynamicObject(16599, -454.74533, -146.36435, 74.42507,   0.00000, 0.00000, 0.00000,1400);
	CreateDynamicObject(16599, -455.22058, -151.15919, 74.42507,   0.00000, 0.00000, 0.00000,1400);
	CreateDynamicObject(3361, -455.46371, -157.32513, 76.94839,   0.00000, 0.00000, -92.33999,1400);
	CreateDynamicObject(791, -474.59201, -28.39405, 44.81328,   3.14159, 0.00000, -22.05063,1400);
	CreateDynamicObject(791, -520.43787, -30.08755, 44.81328,   3.14159, 0.00000, -35.25062,1400);
	CreateDynamicObject(791, -578.79425, -26.62205, 44.81328,   3.14159, 0.00000, 66.92938,1400);
	CreateDynamicObject(791, -613.79828, -79.25103, 44.81328,   3.14159, 0.00000, 120.98937,1400);
	CreateDynamicObject(791, -628.20807, -118.55365, 54.35682,   3.14159, 0.00000, 120.98937,1400);
	CreateDynamicObject(791, -629.06897, -145.75420, 54.35682,   3.14159, 0.00000, 120.98937,1400);
	CreateDynamicObject(791, -551.87732, -221.95746, 62.33667,   3.14159, 0.00000, 120.98937,1400);
	CreateDynamicObject(791, -524.74573, -220.78879, 62.33667,   3.14159, 0.00000, 22.22937,1400);
	CreateDynamicObject(791, -482.26544, -218.89146, 66.63281,   356.85840, 0.00000, 3.14159,1400);
	CreateDynamicObject(791, -413.67889, -201.51009, 56.89063,   356.85840, 0.00000, 3.14159,1400);
	CreateDynamicObject(791, -389.60706, -171.38725, 51.89906,   356.85840, 0.00000, 124.16160,1400);
	CreateDynamicObject(791, -383.57257, -138.04074, 48.40496,   356.85840, 0.00000, 124.16160,1400);
	CreateDynamicObject(785, -387.36719, -97.35938, 43.17969,   0.00000, 0.00000, 0.00000,1400);
	CreateDynamicObject(791, -382.89838, -122.22694, 43.17969,   356.85840, 0.00000, 3.14159,1400);
	CreateDynamicObject(12808, -569.97253, -133.20293, 73.27584,   -20.00000, 0.00000, -4.71840,1400);
	CreateDynamicObject(3419, -445.56674, -151.76999, 71.52445,   347.25845, 7.92000, -3.33840,1400);
	CreateDynamicObject(3279, -606.80402, -145.82426, 71.48816,   0.00000, 0.00000, -180.23999,1400);

	// Pharaoh_Construction.pwn
	
	CreateDynamicObject(3474, -2054.94629, 280.47989, 40.39760,   0.00000, 0.00000, 0.00000,1400);
	CreateDynamicObject(1391, -2111.77417, 293.91861, 47.27870,   0.00000, 0.00000, 0.00000,1400);
	CreateDynamicObject(1388, -2111.81348, 293.96191, 59.11190,   0.00000, 0.00000, -135.00000,1400);
	CreateDynamicObject(1387, -2084.62573, 266.92401, 62.30890,   0.00000, 0.00000, 0.00000,1400);
	CreateDynamicObject(5126, -2130.87915, 130.43944, 49.10000,   0.00000, 0.00000, 88.00000,1400);
	CreateDynamicObject(3214, -2109.26074, 252.92599, 43.60720,   0.00000, 0.00000, 0.00000,1400);
	CreateDynamicObject(3214, -2124.07178, 252.93417, 43.60720,   0.00000, 0.00000, 0.00000,1400);
	CreateDynamicObject(3887, -2047.93616, 225.27679, 42.28970,   360.00000, 0.00000, 179.00000,1400);
	CreateDynamicObject(3866, -2086.11133, 234.11890, 41.78840,   2.00000, 0.00000, 0.00000,1400);
	CreateDynamicObject(16076, -2099.19360, 163.61815, 38.60270,   0.00000, 0.00000, 0.00000,1400);
	CreateDynamicObject(3575, -2099.28418, 187.23540, 36.93940,   0.00000, 0.00000, 91.00000,1400);
	CreateDynamicObject(3575, -2083.87939, 190.49139, 36.93940,   0.00000, 0.00000, 0.00000,1400);
	CreateDynamicObject(3643, -2092.50586, 138.49609, 39.39880,   0.00000, 0.00000, 0.00000,1400);
	CreateDynamicObject(3643, -2084.05444, 138.71646, 39.45880,   0.00000, 0.00000, 89.00000,1400);
	CreateDynamicObject(3643, -2082.74609, 147.01331, 39.67880,   0.00000, 0.00000, 91.00000,1400);
	CreateDynamicObject(19321, -2082.39795, 169.46220, 35.51000,   0.00000, 0.00000, 120.00000,1400);
	CreateDynamicObject(3866, -2068.16431, 214.78070, 41.77160,   360.00000, 0.00000, 91.00000,1400);
	CreateDynamicObject(3865, -2113.55054, 205.99890, 35.70220,   0.00000, 0.00000, -16.00000,1400);
	CreateDynamicObject(3865, -2105.59839, 208.57739, 35.70220,   0.00000, 0.00000, 6.00000,1400);
	CreateDynamicObject(3865, -2101.66528, 211.82193, 37.22220,   -22.00000, 8.00000, -40.00000,1400);
	CreateDynamicObject(922, -2122.39160, 152.08104, 41.35467,   0.00000, 6.00000, -70.00000,1400);
	CreateDynamicObject(922, -2065.62720, 179.45630, 28.63258,   0.00000, 0.00000, -57.00000,1400);
	CreateDynamicObject(922, -2117.32520, 186.67950, 34.56080,   0.00000, 5.00000, -35.00000,1400);
	CreateDynamicObject(3633, -2101.20020, 153.22771, 34.51550,   0.00000, 0.00000, 0.00000,1400);
	CreateDynamicObject(3134, -2098.84912, 153.17860, 34.50380,   89.00000, -11.00000, 4.00000,1400);
	CreateDynamicObject(3633, -2098.95898, 151.94670, 34.51550,   0.00000, 0.00000, 0.00000,1400);
	CreateDynamicObject(3633, -2099.89795, 153.22345, 34.51550,   0.00000, 0.00000, 0.00000,1400);
	CreateDynamicObject(3633, -2099.89795, 153.22340, 35.47500,   0.00000, 0.00000, 0.00000,1400);
	CreateDynamicObject(2931, -2042.20532, 240.95210, 40.56480,   4.00000, 0.00000, 181.00000,1400);
	CreateDynamicObject(2931, -2051.49146, 214.15118, 34.73220,   0.00000, 0.00000, -89.00000,1400);
	CreateDynamicObject(5152, -2093.20361, 229.58420, 37.61350,   0.00000, 30.00000, 39.00000,1400);
	CreateDynamicObject(16304, -2119.74683, 227.45158, 32.70520,   0.00000, 0.00000, 0.00000,1400);
	CreateDynamicObject(3866, -2116.68066, 131.49631, 40.90840,   360.00000, -2.00000, -181.00000,1400);
	CreateDynamicObject(944, -2111.22095, 140.87262, 34.79800,   0.00000, 0.00000, 0.00000,1400);
	CreateDynamicObject(923, -2105.00610, 135.39323, 41.62940,   0.00000, 0.00000, 0.00000,1400);

	// Pharaoh_Ghosttown.pwn
	CreateDynamicObject(16689, -430.61411, 2210.70605, 44.27914,   1.00000, 0.00000, -256.00000,1400);
	CreateDynamicObject(3279, -427.56436, 2252.36768, 41.32890,   0.00000, 0.00000, -164.00000,1400);
	CreateDynamicObject(3279, -455.18549, 2179.89111, 45.66623,   0.00000, 0.00000, -81.00000,1400);
	CreateDynamicObject(3279, -342.48041, 2245.15356, 41.32910,   0.00000, 0.00000, -257.00000,1400);
	CreateDynamicObject(16053, -411.17148, 2181.27759, 44.17222,   -3.00000, -2.00000, -178.00000,1400);
	CreateDynamicObject(3066, -328.76886, 2282.75610, 69.34695,   0.00000, 0.00000, 20.00000,1400);
	CreateDynamicObject(16121, -354.12012, 2156.43384, 38.01523,   357.00000, 0.00000, -84.00000,1400);
	CreateDynamicObject(922, -389.77911, 2184.14868, 42.21852,   0.00000, -6.00000, 40.00000,1400);
	CreateDynamicObject(922, -373.21921, 2233.73267, 42.34870,   0.00000, 0.00000, 130.00000,1400);
	CreateDynamicObject(922, -366.68686, 2200.43921, 42.18114,   0.00000, 0.00000, 71.00000,1400);
	CreateDynamicObject(922, -364.15762, 2200.42212, 42.44793,   0.00000, 16.00000, 0.00000,1400);
	CreateDynamicObject(944, -389.50049, 2169.66260, 42.39540,   0.00000, -2.00000, 55.00000,1400);
	CreateDynamicObject(944, -406.57248, 2240.42383, 42.21336,   0.04000, -2.00000, 55.00000,1400);
	CreateDynamicObject(944, -389.62540, 2166.79541, 42.51540,   0.00000, 0.00000, 53.00000,1400);
	CreateDynamicObject(944, -384.77673, 2172.06226, 42.37339,   -4.00000, 4.00000, 127.00000,1400);
	CreateDynamicObject(944, -382.08871, 2168.42554, 42.51540,   -2.00000, 2.00000, 127.00000,1400);
	CreateDynamicObject(944, -383.66211, 2170.33643, 43.82170,   -2.00000, 2.00000, 125.62000,1400);
	CreateDynamicObject(3633, -359.58206, 2210.66895, 41.91950,   0.00000, 0.00000, 0.00000,1400);
	CreateDynamicObject(3633, -358.61658, 2218.62622, 41.91950,   0.00000, 0.00000, 0.00000,1400);
	CreateDynamicObject(923, -360.00110, 2225.87378, 42.33226,   0.00000, 0.00000, 91.00000,1400);
	CreateDynamicObject(923, -356.96289, 2233.09814, 42.29152,   0.00000, 0.00000, 91.00000,1400);
	CreateDynamicObject(3276, -404.29276, 2178.43237, 41.25340,   357.00000, 0.00000, 15.00000,1400);
	CreateDynamicObject(3276, -422.05377, 2173.86646, 41.85340,   357.00000, 4.00000, 21.00000,1400);
	CreateDynamicObject(18260, -357.87387, 2248.78979, 42.97570,   0.00000, 0.00000, -265.00000,1400);
	CreateDynamicObject(14875, -379.73340, 2264.16943, 42.23110,   0.00000, 0.00000, 0.00000,1400);
	CreateDynamicObject(1457, -402.24911, 2268.47192, 42.47850,   0.00000, 4.00000, 8.00000,1400);
	CreateDynamicObject(12918, -413.11856, 2222.39600, 41.42451,   0.00000, 0.00000, 58.00000,1400);
	CreateDynamicObject(3276, -429.37830, 2238.43457, 42.27090,   3.00000, 0.00000, -95.00000,1400);
	CreateDynamicObject(3276, -442.19049, 2221.57056, 42.27090,   3.00000, 0.00000, -82.00000,1400);
	CreateDynamicObject(13640, -365.77573, 2186.42847, 42.14620,   0.00000, 0.00000, 90.00000,1400);
	CreateDynamicObject(13640, -390.01880, 2197.32739, 42.14620,   0.00000, 0.00000, 10.00000,1400);
	CreateDynamicObject(3363, -417.65546, 2154.77979, 43.97324,   0.00000, 4.00000, -76.00000,1400);
	CreateDynamicObject(1454, -389.83395, 2224.18042, 41.98430,   90.00000, 0.00000, 16.00000,1400);
	CreateDynamicObject(1454, -390.72760, 2222.78516, 41.98430,   90.00000, 0.00000, 16.00000,1400);
	CreateDynamicObject(1454, -372.69418, 2235.46436, 41.98430,   0.00000, 0.00000, 16.00000,1400);
	CreateDynamicObject(18451, -342.02631, 2208.51782, 42.00010,   0.00000, 0.00000, -113.00000,1400);
	CreateDynamicObject(18451, -387.82141, 2255.62305, 41.49804,   0.00000, 0.00000, -113.00000,1400);
	CreateDynamicObject(18451, -441.25308, 2186.70532, 42.26100,   4.00000, 0.00000, 84.00000,1400);
	CreateDynamicObject(16121, -310.82849, 2241.27515, 40.78275,   0.00000, -30.00000, 0.00000,1400);
	CreateDynamicObject(16121, -469.26120, 2249.01880, 35.00180,   0.00000, 0.00000, -15.00000,1400);
	CreateDynamicObject(1224, -419.53467, 2204.49829, 41.97810,   0.00000, 0.00000, 0.00000,1400);
	CreateDynamicObject(1224, -431.00443, 2204.34668, 41.97810,   0.00000, 0.00000, 0.00000,1400);
	CreateDynamicObject(1224, -429.62155, 2218.81860, 41.97810,   0.00000, 0.00000, 0.00000,1400);
	CreateDynamicObject(2931, -409.46802, 2188.66553, 40.79006,   0.00000, 0.00000, 90.00000,1400);
	CreateDynamicObject(16121, -427.86331, 2126.16284, 38.01520,   357.00000, -9.00000, -121.86000,1400);

	// Pharaoh_Pallomino.pwn
	
	CreateDynamicObject(8147, 2213.61792, -28.77785, 26.48086,   0.00000, 0.00000, 0.00000,1400);
	CreateDynamicObject(8147, 2213.63672, 70.50396, 28.33450,   0.00000, 0.00000, 0.00000,1400);
	CreateDynamicObject(8210, 2241.66333, 143.81007, 28.29586,   0.00000, 0.00000, 0.00000,1400);
	CreateDynamicObject(8342, 2285.01953, 143.49741, 28.30969,   0.00000, 0.00000, -180.00000,1400);
	CreateDynamicObject(8210, 2419.35254, 143.05928, 26.48090,   0.00000, 0.00000, 0.00000,1400);
	CreateDynamicObject(8147, 2286.95679, -101.89755, 28.16411,   0.00000, 0.00000, 90.00000,1400);
	CreateDynamicObject(8210, 2385.62158, -91.15784, 26.48090,   0.00000, 0.00000, -157.50003,1400);
	CreateDynamicObject(8210, 2438.97852, -80.59690, 27.98046,   0.00000, 0.00000, 180.00000,1400);
	CreateDynamicObject(8147, 2467.03101, -7.29110, 27.95730,   0.00000, 0.00000, 180.00000,1400);
	CreateDynamicObject(8210, 2467.01807, 91.75150, 27.95730,   0.00000, 0.00000, -90.00000,1400);
	CreateDynamicObject(987, 2447.05103, 142.72879, 25.51820,   0.00000, 0.00000, -90.00000,1400);
	CreateDynamicObject(987, 2447.01660, 130.83488, 25.51820,   0.00000, 0.00000, -90.00000,1400);
	CreateDynamicObject(987, 2446.85718, 118.89490, 25.51820,   0.00000, 0.00000, 0.00000,1400);
	CreateDynamicObject(2990, 2461.57544, 118.77999, 29.10905,   0.00000, 0.00000, -179.09995,1400);
	CreateDynamicObject(14407, 2262.05981, 66.57530, 27.79680,   0.00000, 0.00000, -90.00000,1400);
	CreateDynamicObject(14407, 2268.48804, 74.02870, 30.79700,   0.00000, 0.00000, 90.00000,1400);
	CreateDynamicObject(19458, 2263.07178, 59.90071, 26.48991,   -30.00000, 90.00000, -90.00000,1400);
	CreateDynamicObject(5822, 2313.48633, -70.89010, 28.16520,   0.00000, 0.00000, -175.32001,1400);
	CreateDynamicObject(19457, 2304.20581, -82.22430, 26.99460,   30.00000, 90.00000, 0.00000,1400);
	CreateDynamicObject(19463, 2324.98193, -55.30640, 29.97860,   20.30000, 90.00000, 0.00000,1400);
	CreateDynamicObject(5130, 2247.91138, -55.64125, 26.82240,   0.00000, 0.00000, 135.00000,1400);
	CreateDynamicObject(922, 2346.46973, 180.70467, 26.20260,   0.00000, 0.00000, -18.00000,1400);
	CreateDynamicObject(922, 2341.39648, 175.96175, 26.20260,   0.00000, 0.00000, 18.00000,1400);
	CreateDynamicObject(1431, 2350.95801, 102.28330, 25.99720,   0.00000, 0.00000, 26.00000,1400);
	CreateDynamicObject(1431, 2345.71924, 106.56790, 25.99720,   0.00000, 0.00000, 4.00000,1400);
	CreateDynamicObject(1431, 2341.77222, 109.28261, 25.99720,   0.00000, 0.00000, -12.00000,1400);
	CreateDynamicObject(1431, 2337.66040, 103.38460, 25.99720,   0.00000, 0.00000, 4.00000,1400);
	CreateDynamicObject(3279, 2343.51392, 92.36870, 25.17540,   0.00000, 0.00000, 0.00000,1400);
	CreateDynamicObject(1224, 2343.63184, 92.14825, 41.80400,   0.00000, 0.00000, 0.00000,1400);
	CreateDynamicObject(13648, 2304.36084, 96.81255, 22.23760,   0.00000, 0.00000, 0.00000,1400);
	CreateDynamicObject(3585, 2284.21460, 92.08698, 26.38970,   0.00000, 0.00000, -91.00000,1400);
	CreateDynamicObject(1408, 2283.98535, 98.79768, 26.04690,   357.00000, 0.00000, -92.00000,1400);
	CreateDynamicObject(1418, 2284.03149, 83.68700, 26.24220,   357.00000, 0.00000, -91.00000,1400);
	CreateDynamicObject(1418, 2284.05054, 85.44198, 26.24220,   357.00000, 0.00000, -91.00000,1400);
	CreateDynamicObject(910, 2250.37500, 84.39300, 26.68910,   0.00000, 0.00000, -181.00000,1400);
	CreateDynamicObject(12930, 2240.49634, 86.55230, 25.46130,   0.00000, 0.00000, -2.00000,1400);
	CreateDynamicObject(925, 2291.35840, 114.59859, 26.29870,   0.00000, 0.00000, 0.00000,1400);
	CreateDynamicObject(18260, 2294.92725, 137.39630, 26.86320,   0.00000, 0.00000, 25.00000,1400);
	CreateDynamicObject(1344, 2300.55298, 107.09562, 26.13170,   0.00000, 0.00000, -91.00000,1400);
	CreateDynamicObject(1438, 2286.56030, 130.39470, 25.46720,   0.00000, 0.00000, 0.00000,1400);
	CreateDynamicObject(925, 2297.30225, 121.55764, 26.29870,   0.00000, 0.00000, 0.00000,1400);
	CreateDynamicObject(16305, 2274.49316, 138.28320, 27.48130,   0.00000, 0.00000, 236.00000,1400);
	CreateDynamicObject(16305, 2223.66431, 134.65080, 28.14130,   0.00000, 0.00000, 236.00000,1400);
	CreateDynamicObject(944, 2274.15503, 139.83051, 27.40040,   0.00000, -8.00000, -84.00000,1400);
	CreateDynamicObject(1333, 2252.12988, 132.45830, 26.05710,   0.00000, 0.00000, 0.00000,1400);
	CreateDynamicObject(1431, 2227.36768, 135.06920, 27.67350,   0.00000, 8.00000, -2.00000,1400);
	CreateDynamicObject(1224, 2220.13989, 134.65520, 27.64640,   -2.00000, -10.00000, 0.00000,1400);
	CreateDynamicObject(3279, 2223.62695, 92.67200, 25.22450,   0.00000, 0.00000, 89.00000,1400);
	CreateDynamicObject(790, 2251.84888, 31.12211, 23.02840,   360.00000, 0.00000, -53.00000,1400);
	CreateDynamicObject(790, 2268.42676, 20.87064, 23.02840,   360.00000, 0.00000, 135.00000,1400);
	CreateDynamicObject(1447, 2216.55811, 31.71126, 26.57390,   0.00000, 0.00000, 0.00000,1400);
	CreateDynamicObject(1447, 2221.87256, 31.67455, 26.57390,   0.00000, 0.00000, 0.00000,1400);
	CreateDynamicObject(1413, 2227.16602, 31.60815, 26.51150,   0.00000, 0.00000, 0.00000,1400);
	CreateDynamicObject(1447, 2232.44800, 31.64170, 26.51390,   0.00000, 0.00000, -181.00000,1400);
	CreateDynamicObject(18566, 2225.10669, 49.74110, 26.01260,   0.00000, 0.00000, -55.00000,1400);
	CreateDynamicObject(18566, 2234.16870, 41.08690, 26.01260,   0.00000, 0.00000, -120.00000,1400);
	CreateDynamicObject(18565, 2250.69238, 40.90089, 26.50100,   0.00000, 0.00000, 0.00000,1400);
	CreateDynamicObject(13640, 2282.60181, 43.98542, 25.19280,   0.00000, 2.00000, -91.00000,1400);
	CreateDynamicObject(7040, 2292.40454, 63.62108, 28.66040,   0.00000, 0.00000, 0.00000,1400);
	CreateDynamicObject(1413, 2286.53784, 51.74406, 26.59630,   0.00000, 0.00000, 0.00000,1400);
	CreateDynamicObject(1447, 2291.81470, 51.67470, 26.50720,   0.00000, 0.00000, 0.00000,1400);
	CreateDynamicObject(1413, 2301.34668, 51.44925, 26.59630,   0.00000, 0.00000, 0.00000,1400);
	CreateDynamicObject(16093, 2412.10620, 91.38820, 29.62510,   0.00000, 0.00000, -88.00000,1400);
	CreateDynamicObject(18569, 2437.08545, 133.48770, 26.49130,   0.00000, 0.00000, 0.00000,1400);
	CreateDynamicObject(18569, 2418.14624, 133.45747, 26.53130,   0.00000, 0.00000, -127.00000,1400);
	CreateDynamicObject(780, 2415.81274, 108.91500, 25.47090,   357.00000, 0.00000, 18.00000,1400);
	CreateDynamicObject(3577, 2371.68701, 83.36240, 26.06580,   0.00000, -2.00000, 0.00000,1400);
	CreateDynamicObject(3577, 2364.33521, 100.09492, 26.06580,   -2.00000, -2.00000, 0.00000,1400);
	CreateDynamicObject(1431, 2394.51587, 96.93153, 25.44730,   0.00000, 0.00000, -91.00000,1400);
	CreateDynamicObject(1431, 2392.99512, 99.37930, 25.44730,   0.00000, 0.00000, -91.00000,1400);
	CreateDynamicObject(1447, 2403.79663, 84.32670, 26.59540,   0.00000, 0.00000, -88.00000,1400);
	CreateDynamicObject(1447, 2403.66553, 89.56921, 26.59540,   0.00000, 0.00000, -88.00000,1400);
	CreateDynamicObject(3256, 2449.77783, 109.49437, 25.31420,   0.00000, 0.00000, 149.00000,1400);
	CreateDynamicObject(13591, 2461.30713, 61.84350, 25.82910,   0.00000, 2.00000, 0.00000,1400);
	CreateDynamicObject(12957, 2454.83032, 44.00640, 25.97380,   0.00000, 0.00000, 0.00000,1400);
	CreateDynamicObject(3572, 2432.42847, 36.69817, 26.59790,   0.00000, 0.00000, -91.00000,1400);
	CreateDynamicObject(3572, 2422.22339, 44.28550, 26.59790,   0.00000, 0.00000, -179.00000,1400);
	CreateDynamicObject(13636, 2395.62378, 46.72660, 27.02950,   0.00000, 0.00000, 0.00000,1400);
	CreateDynamicObject(13643, 2391.55176, 18.45590, 26.47680,   0.00000, 0.00000, -92.00000,1400);
	CreateDynamicObject(13643, 2396.89258, -13.59935, 26.47680,   0.00000, 0.00000, -92.00000,1400);
	CreateDynamicObject(3502, 2459.53613, 26.39560, 26.99680,   0.00000, 0.00000, -222.00000,1400);
	CreateDynamicObject(694, 2424.88062, 120.93227, 27.86719,   356.85840, 0.00000, 3.14159,1400);
	CreateDynamicObject(3502, 2462.75073, -1.55314, 26.99680,   0.00000, 0.00000, -164.00000,1400);
	CreateDynamicObject(3502, 2457.99951, -27.65310, 26.99680,   0.00000, 0.00000, -120.00000,1400);
	CreateDynamicObject(18566, 2460.20776, -66.97742, 26.60260,   -4.00000, -6.00000, -2.00000,1400);
	CreateDynamicObject(3287, 2459.15137, -46.93238, 29.53260,   0.00000, 0.00000, -90.00000,1400);
	CreateDynamicObject(7040, 2427.11426, -28.12048, 28.67170,   0.00000, 0.00000, 0.00000,1400);
	CreateDynamicObject(3279, 2372.50488, -27.94310, 25.27970,   0.00000, 0.00000, -90.00000,1400);
	CreateDynamicObject(1413, 2351.12915, -18.35980, 26.56590,   0.00000, 0.00000, 0.00000,1400);
	CreateDynamicObject(1413, 2345.87476, -18.27540, 26.56590,   0.00000, 0.00000, 0.00000,1400);
	CreateDynamicObject(1447, 2340.63696, -18.21950, 26.53390,   0.00000, 0.00000, 0.00000,1400);
	CreateDynamicObject(1413, 2335.40186, -18.17496, 26.56590,   0.00000, 0.00000, 0.00000,1400);
	CreateDynamicObject(3585, 2343.77197, -28.26260, 26.37240,   0.00000, 0.00000, 0.00000,1400);
	CreateDynamicObject(922, 2301.57959, 30.85965, 26.34640,   0.00000, 0.00000, 47.00000,1400);
	CreateDynamicObject(922, 2301.54712, -13.07496, 26.35480,   0.00000, 0.00000, 43.00000,1400);
	CreateDynamicObject(944, 2285.34717, 15.99679, 26.21700,   0.00000, 0.00000, 0.00000,1400);
	CreateDynamicObject(925, 2285.11694, -8.80768, 26.47370,   0.00000, 0.00000, 0.00000,1400);
	CreateDynamicObject(922, 2303.46680, 6.82560, 26.34640,   0.00000, 0.00000, 90.00000,1400);
	CreateDynamicObject(18609, 2290.97852, 8.65334, 26.39750,   0.00000, 0.00000, -105.00000,1400);
	CreateDynamicObject(18565, 2294.87109, -11.15986, 26.24360,   0.00000, 0.00000, 91.00000,1400);
	CreateDynamicObject(3572, 2295.08838, -20.50100, 26.67900,   0.00000, 0.00000, 0.00000,1400);
	CreateDynamicObject(1333, 2308.57739, -37.72540, 26.09620,   0.00000, 0.00000, 0.00000,1400);
	CreateDynamicObject(1333, 2314.85327, -19.09710, 26.13190,   0.00000, 0.00000, 0.00000,1400);
	CreateDynamicObject(1438, 2325.73267, -26.10487, 25.32200,   0.00000, 0.00000, 0.00000,1400);
	CreateDynamicObject(1431, 2312.11426, -30.50913, 25.80500,   0.00000, 0.00000, -98.00000,1400);
	CreateDynamicObject(13591, 2341.98218, -94.99763, 25.70350,   0.00000, 0.00000, 0.00000,1400);
	CreateDynamicObject(3577, 2344.11914, -52.75270, 26.09830,   0.00000, 0.00000, 0.00000,1400);
	CreateDynamicObject(11292, 2358.22656, -78.12240, 26.79490,   0.00000, 0.00000, 0.00000,1400);
	CreateDynamicObject(1415, 2335.05469, -46.56323, 25.46992,   0.00000, 0.00000, 0.00000,1400);
	CreateDynamicObject(942, 2351.30127, -69.55770, 27.68230,   0.00000, 0.00000, 0.00000,1400);
	CreateDynamicObject(11292, 2407.41992, -78.21653, 26.79490,   0.00000, 0.00000, 0.00000,1400);
	CreateDynamicObject(1409, 2421.84937, -76.22690, 25.47544,   0.00000, 0.00000, 0.00000,1400);
	CreateDynamicObject(1438, 2444.11230, -78.14947, 25.46662,   0.00000, 0.00000, 0.00000,1400);
	CreateDynamicObject(2931, 2412.28735, -78.33919, 25.47650,   0.00000, 0.00000, 91.00000,1400);
	CreateDynamicObject(1438, 2432.06738, -78.53000, 25.46660,   0.00000, 0.00000, -86.00000,1400);
	CreateDynamicObject(1447, 2353.85400, -82.37440, 26.53780,   0.00000, 0.00000, -89.00000,1400);
	CreateDynamicObject(1413, 2353.82153, -87.66246, 26.56380,   0.00000, 0.00000, -91.00000,1400);
	CreateDynamicObject(1413, 2353.20410, -92.90598, 26.56380,   0.00000, 0.00000, -101.00000,1400);
	CreateDynamicObject(1447, 2351.23389, -97.68442, 26.53780,   0.00000, 0.00000, -122.00000,1400);
	CreateDynamicObject(2669, 2373.98242, -85.09248, 26.84000,   0.00000, 0.00000, 0.00000,1400);
	CreateDynamicObject(2669, 2378.28394, -85.15343, 26.84000,   0.00000, 0.00000, 89.00000,1400);
	CreateDynamicObject(790, 2383.31885, -78.89570, 31.26250,   3.00000, 0.00000, -40.00000,1400);
	CreateDynamicObject(13648, 2304.39893, -86.94690, 22.74730,   0.00000, 0.00000, 0.00000,1400);
	CreateDynamicObject(16305, 2362.35132, -91.81619, 27.82520,   0.00000, 0.00000, 0.00000,1400);
	CreateDynamicObject(1409, 2333.48315, -88.70810, 25.57710,   0.00000, 0.00000, 0.00000,1400);
	CreateDynamicObject(3633, 2316.04443, -100.81468, 25.78110,   0.00000, 0.00000, 0.00000,1400);
	CreateDynamicObject(944, 2322.52393, -91.64100, 26.15320,   0.00000, 0.00000, -113.00000,1400);
	CreateDynamicObject(935, 2329.31519, -96.78787, 25.86730,   0.00000, 0.00000, 0.00000,1400);
	CreateDynamicObject(935, 2329.22974, -98.18550, 25.86730,   0.00000, 0.00000, 0.00000,1400);
	CreateDynamicObject(935, 2330.69385, -97.57011, 25.86730,   0.00000, 0.00000, 0.00000,1400);
	CreateDynamicObject(935, 2329.27246, -97.48669, 25.86730,   0.00000, 0.00000, 0.00000,1400);
	CreateDynamicObject(935, 2329.97314, -97.52781, 25.86730,   0.00000, 0.00000, 0.00000,1400);
	CreateDynamicObject(3502, 2273.49780, -30.82411, 26.73570,   0.00000, 0.00000, -91.00000,1400);
	CreateDynamicObject(3502, 2253.09717, -28.42927, 26.73570,   0.00000, 0.00000, -91.00000,1400);
	CreateDynamicObject(3502, 2262.80249, -24.88821, 26.73570,   0.00000, 0.00000, -91.00000,1400);
	CreateDynamicObject(3502, 2240.19312, -26.80392, 26.73570,   0.00000, 0.00000, -119.00000,1400);
	CreateDynamicObject(12957, 2229.43799, -1.13420, 26.05110,   0.00000, 0.00000, -86.00000,1400);
	CreateDynamicObject(1431, 2219.59473, -18.21660, 25.84010,   0.00000, 0.00000, 0.00000,1400);
	CreateDynamicObject(922, 2228.73438, -29.45660, 26.20120,   0.00000, 0.00000, 0.00000,1400);
	CreateDynamicObject(1431, 2222.11890, -11.58131, 25.84010,   0.00000, 0.00000, 0.00000,1400);
	CreateDynamicObject(1431, 2229.91943, -15.63345, 25.84010,   0.00000, 0.00000, 0.00000,1400);
	CreateDynamicObject(2567, 2231.33398, -72.87987, 25.60550,   -0.06000, 0.00000, 0.00000,1400);
	CreateDynamicObject(1431, 2215.68286, -99.52143, 25.96000,   0.00000, 0.00000, -43.00000,1400);
	CreateDynamicObject(3633, 2217.12012, -66.94232, 25.90760,   0.00000, 0.00000, 0.00000,1400);
	CreateDynamicObject(7040, 2227.04321, -90.42112, 28.68600,   0.00000, 0.00000, 0.00000,1400);
	CreateDynamicObject(3287, 2279.85156, -80.56980, 30.19850,   0.00000, 0.00000, 0.00000,1400);
	CreateDynamicObject(11292, 2247.02490, -97.11648, 26.63520,   0.00000, 0.00000, 88.00000,1400);
	CreateDynamicObject(3287, 2271.09985, -80.53699, 30.19850,   0.00000, 0.00000, 0.00000,1400);
	CreateDynamicObject(12957, 2249.68677, -83.69346, 26.13730,   0.00000, 0.00000, 0.00000,1400);
	CreateDynamicObject(944, 2259.76685, -84.82680, 26.17440,   0.00000, 0.00000, -46.00000,1400);
	CreateDynamicObject(2931, 2261.70679, -99.44438, 25.30530,   0.00000, 0.00000, -270.00000,1400);
	CreateDynamicObject(3134, 2276.54517, -90.63740, 25.94530,   -269.00000, -18.00000, -33.00000,1400);
	CreateDynamicObject(944, 2265.67847, -89.82368, 26.17440,   0.00000, 0.00000, 91.00000,1400);
	CreateDynamicObject(3279, 2293.39355, -91.25362, 25.30540,   0.00000, 0.00000, -265.00000,1400);
	CreateDynamicObject(1413, 2283.93237, -59.72237, 26.66460,   0.00000, 0.00000, 90.00000,1400);
	CreateDynamicObject(1413, 2283.89600, -64.98853, 26.66460,   0.00000, 0.00000, 90.00000,1400);
	CreateDynamicObject(13636, 2293.81665, -60.40789, 26.80310,   0.00000, 0.00000, 181.00000,1400);
	CreateDynamicObject(3572, 2292.57764, -34.98399, 26.67900,   0.00000, 0.00000, 0.00000,1400);
	CreateDynamicObject(922, 2346.42139, 4.96939, 26.20630,   0.00000, 0.00000, 0.00000,1400);
	CreateDynamicObject(923, 2340.11426, 22.03750, 26.18080,   0.00000, 0.00000, 0.00000,1400);
	CreateDynamicObject(944, 2342.03540, 53.90820, 26.16780,   0.00000, 0.00000, 0.00000,1400);
	CreateDynamicObject(3633, 2353.27075, 29.56684, 25.94740,   0.00000, 0.00000, 0.00000,1400);
	CreateDynamicObject(935, 2335.86011, -8.31840, 26.03940,   0.00000, 0.00000, 0.00000,1400);
	CreateDynamicObject(930, 2352.13013, 77.99702, 25.93080,   0.00000, 0.00000, 0.00000,1400);
	CreateDynamicObject(1344, 2334.50464, 57.20690, 26.13900,   0.00000, 0.00000, 91.00000,1400);
	CreateDynamicObject(1409, 2353.50708, -12.80530, 25.57380,   0.00000, 0.00000, 0.00000,1400);
	CreateDynamicObject(935, 2337.54346, -9.88950, 26.03940,   0.00000, 0.00000, 0.00000,1400);
	CreateDynamicObject(935, 2334.30029, -10.88894, 26.03940,   0.00000, 0.00000, 0.00000,1400);
	CreateDynamicObject(930, 2350.46826, 75.43652, 25.93080,   0.00000, 0.00000, 0.00000,1400);
	CreateDynamicObject(3572, 2343.98340, 136.28560, 26.08800,   0.00000, 0.00000, -90.00000,1400);
	CreateDynamicObject(16638, 2411.13940, 91.27450, 27.87320,   0.00000, 0.00000, -88.00000,1400);
	CreateDynamicObject(8342, 2321.10352, 228.22301, 25.80680,   0.00000, 0.00000, 0.00000,1400);
	CreateDynamicObject(8342, 2391.66992, 210.19580, 23.02780,   0.00000, 0.00000, -90.00000,1400);
	CreateDynamicObject(8210, 2391.73145, 170.39000, 26.48090,   0.00000, 0.00000, -90.00000,1400);
	CreateDynamicObject(8342, 2391.66992, 210.19580, 25.73627,   0.00000, 0.00000, -90.00000,1400);
	CreateDynamicObject(8210, 2438.97852, -80.59690, 29.94166,   0.00000, 0.00000, 180.00000,1400);
	CreateDynamicObject(8210, 2385.62158, -91.15784, 29.98233,   0.00000, 0.00000, -157.50003,1400);
	CreateDynamicObject(8147, 2286.95679, -101.89755, 30.76212,   0.00000, 0.00000, 90.00000,1400);
	//PHARAOH's MAP - pEar's dick
	CreateDynamicObject(18764, -1297.32959, -159.96150, 15.33956,   0.00000, 0.00000, 0.00000,1400, 15);
	CreateDynamicObject(19464, -1293.23999, -162.56270, 15.72400,   0.00000, 0.00000, -25.00000,1400, 15);
	CreateDynamicObject(19464, -1297.34204, -165.18080, 15.72400,   0.00000, 0.00000, 90.00000,1400, 15);
	CreateDynamicObject(19464, -1297.39832, -154.47079, 15.72400,   0.00000, 0.00000, 90.00000,1400, 15);
	CreateDynamicObject(19465, -1293.28955, -157.08521, 15.72400,   0.00000, 0.00000, 25.00000,1400, 15);
	CreateDynamicObject(19464, -1276.75793, -195.40218, 15.72400,   0.00000, 0.00000, -60.02000,1400, 15);
	CreateDynamicObject(19464, -1281.71802, -197.83301, 15.72400,   0.00000, 0.00000, -67.27998,1400, 15);
	CreateDynamicObject(19464, -1286.72144, -199.42418, 15.72400,   0.00000, 0.00000, -76.69994,1400, 15);
	CreateDynamicObject(19464, -1292.04504, -200.38179, 15.72400,   0.00000, 0.00000, -82.99995,1400, 15);
	CreateDynamicObject(19464, -1297.41919, -200.53648, 15.72400,   0.00000, 0.00000, -93.19996,1400, 15);
	CreateDynamicObject(19464, -1302.71887, -199.97688, 15.72400,   0.00000, 0.00000, -98.47997,1400, 15);
	CreateDynamicObject(19464, -1308.04944, -198.69485, 15.72400,   0.00000, 0.00000, -107.89996,1400, 15);
	CreateDynamicObject(19464, -1313.37817, -196.62273, 15.72400,   0.00000, 0.00000, -114.85997,1400, 15);
	CreateDynamicObject(19464, -1318.19299, -193.78886, 15.72400,   0.00000, 0.00000, -126.14000,1400, 15);
	CreateDynamicObject(19464, -1322.45374, -190.39577, 15.72400,   0.00000, 0.00000, -130.69997,1400, 15);
	CreateDynamicObject(19464, -1326.37329, -186.72575, 15.72400,   0.00000, 0.00000, -135.67992,1400, 15);
	CreateDynamicObject(19464, -1329.83020, -182.62302, 15.72400,   0.00000, 0.00000, -143.59988,1400, 15);
	CreateDynamicObject(19464, -1332.71875, -177.96333, 15.72400,   0.00000, 0.00000, -152.71999,1400, 15);
	CreateDynamicObject(19464, -1334.72485, -172.82169, 15.72400,   0.00000, 0.00000, -164.35995,1400, 15);
	CreateDynamicObject(19464, -1335.91187, -167.36639, 15.72400,   0.00000, 0.00000, -171.07994,1400, 15);
	CreateDynamicObject(19464, -1336.62524, -161.65948, 15.72400,   0.00000, 0.00000, -174.61990,1400, 15);
	CreateDynamicObject(19464, -1336.88403, -155.94992, 15.72400,   0.00000, 0.00000, -180.07986,1400, 15);
	CreateDynamicObject(19464, -1336.29504, -150.25945, 15.72400,   0.00000, 0.00000, -191.41983,1400, 15);
	CreateDynamicObject(19464, -1334.87549, -144.73883, 15.72400,   0.00000, 0.00000, -197.41980,1400, 15);
	CreateDynamicObject(19464, -1332.58484, -139.63910, 15.72400,   0.00000, 0.00000, -210.61975,1400, 15);
	CreateDynamicObject(19464, -1329.54614, -135.03014, 15.72400,   0.00000, 0.00000, -216.37976,1400, 15);
	CreateDynamicObject(19464, -1326.27307, -131.00909, 15.72400,   0.00000, 0.00000, -222.49974,1400, 15);
	CreateDynamicObject(19464, -1321.94153, -127.27402, 15.72400,   0.00000, 0.00000, -236.11974,1400, 15);
	CreateDynamicObject(19464, -1317.11755, -124.41999, 15.72400,   0.00000, 0.00000, -242.77965,1400, 15);
	CreateDynamicObject(19464, -1311.99976, -122.09509, 15.72400,   0.00000, 0.00000, -248.71959,1400, 15);
	CreateDynamicObject(19464, -1306.84314, -120.27528, 15.72400,   0.00000, 0.00000, -252.61952,1400, 15);
	CreateDynamicObject(19464, -1301.62390, -119.04571, 15.72400,   0.00000, 0.00000, -261.91959,1400, 15);
	CreateDynamicObject(19464, -1296.14233, -118.61366, 15.72400,   0.00000, 0.00000, -268.69940,1400, 15);
	CreateDynamicObject(19464, -1290.89807, -119.12144, 15.72400,   0.00000, 0.00000, -281.41922,1400, 15);
	CreateDynamicObject(19464, -1285.61060, -120.50056, 15.72400,   0.00000, 0.00000, -287.71906,1400, 15);
	CreateDynamicObject(19464, -1280.53552, -122.41307, 15.72400,   0.00000, 0.00000, -293.83893,1400, 15);
	CreateDynamicObject(19464, -1275.64050, -124.95971, 15.72400,   0.00000, 0.00000, -300.79874,1400, 15);
	CreateDynamicObject(19464, -1271.26636, -127.95238, 15.72400,   0.00000, 0.00000, -308.59857,1400, 15);
	CreateDynamicObject(19464, -1267.27405, -131.97031, 15.72400,   0.00000, 0.00000, -321.49857,1400, 15);
	CreateDynamicObject(19464, -1264.11865, -136.50291, 15.72400,   0.00000, 0.00000, -328.69849,1400, 15);
	CreateDynamicObject(19464, -1261.40125, -141.46123, 15.72400,   0.00000, 0.00000, -333.85831,1400, 15);
	CreateDynamicObject(19464, -1259.39197, -146.55348, 15.72400,   0.00000, 0.00000, -342.73795,1400, 15);
	CreateDynamicObject(19464, -1258.16760, -152.07494, 15.72400,   0.00000, 0.00000, -352.39767,1400, 15);
	CreateDynamicObject(19464, -1257.63989, -157.30853, 15.72400,   0.00000, 0.00000, -356.11752,1400, 15);
	CreateDynamicObject(19464, -1257.61438, -162.75369, 15.72400,   0.00000, 0.00000, -363.31732,1400, 15);
	CreateDynamicObject(19464, -1258.17676, -167.89552, 15.72400,   0.00000, 0.00000, -368.65710,1400, 15);
	CreateDynamicObject(19464, -1259.26270, -173.44833, 15.72400,   0.00000, 0.00000, -373.33691,1400, 15);
	CreateDynamicObject(19464, -1261.25806, -178.44284, 15.72400,   0.00000, 0.00000, -389.65643,1400, 15);
	CreateDynamicObject(19464, -1263.98071, -182.98482, 15.72400,   0.00000, 0.00000, -392.29633,1400, 15);
	CreateDynamicObject(19464, -1267.27039, -187.49081, 15.72400,   0.00000, 0.00000, -399.61618,1400, 15);
	CreateDynamicObject(19464, -1271.03235, -191.29509, 15.72400,   0.00000, 0.00000, -409.75626,1400, 15);
	CreateDynamicObject(19464, -1273.60449, -193.23224, 15.72400,   0.00000, 0.00000, -414.01614,1400, 15);
	CreateDynamicObject(19464, -1301.49060, -157.12526, 15.72400,   0.00000, 0.00000, -25.00000,1400, 15);
	CreateDynamicObject(19464, -1301.46204, -162.52704, 15.72400,   0.00000, 0.00000, 25.00000,1400, 15);
	CreateDynamicObject(19465, -1293.20422, -157.28795, 15.72400,   0.00000, 0.00000, 25.00000,1400, 15);
	CreateDynamicObject(19464, -1276.75793, -195.40218, 15.72400,   0.00000, 0.00000, -60.02000,1400, 15);
	CreateDynamicObject(19464, -1281.71802, -197.83301, 15.72400,   0.00000, 0.00000, -67.27998,1400, 15);
	CreateDynamicObject(19464, -1286.72144, -199.42418, 15.72400,   0.00000, 0.00000, -76.69994,1400, 15);
	CreateDynamicObject(19464, -1292.04504, -200.38179, 15.72400,   0.00000, 0.00000, -82.99995,1400, 15);
	CreateDynamicObject(19464, -1297.41919, -200.53648, 15.72400,   0.00000, 0.00000, -93.19996,1400, 15);
	CreateDynamicObject(19464, -1302.71887, -199.97688, 15.72400,   0.00000, 0.00000, -98.47997,1400, 15);
	CreateDynamicObject(19464, -1308.04944, -198.69485, 15.72400,   0.00000, 0.00000, -107.89996,1400, 15);
	CreateDynamicObject(19464, -1313.37817, -196.62273, 15.72400,   0.00000, 0.00000, -114.85997,1400, 15);
	CreateDynamicObject(19464, -1318.19299, -193.78886, 15.72400,   0.00000, 0.00000, -126.14000,1400, 15);
	CreateDynamicObject(19464, -1322.45374, -190.39577, 15.72400,   0.00000, 0.00000, -130.69997,1400, 15);
	CreateDynamicObject(19464, -1326.37329, -186.72575, 15.72400,   0.00000, 0.00000, -135.67992,1400, 15);
	CreateDynamicObject(19464, -1329.83020, -182.62302, 15.72400,   0.00000, 0.00000, -143.59988,1400, 15);
	CreateDynamicObject(19464, -1332.71875, -177.96333, 15.72400,   0.00000, 0.00000, -152.71999,1400, 15);
	CreateDynamicObject(19464, -1334.72485, -172.82169, 15.72400,   0.00000, 0.00000, -164.35995,1400, 15);
	CreateDynamicObject(19464, -1335.91187, -167.36639, 15.72400,   0.00000, 0.00000, -171.07994,1400, 15);
	CreateDynamicObject(19464, -1336.62524, -161.65948, 15.72400,   0.00000, 0.00000, -174.61990,1400, 15);
	CreateDynamicObject(19464, -1336.88403, -155.94992, 15.72400,   0.00000, 0.00000, -180.07986,1400, 15);
	CreateDynamicObject(19464, -1336.29504, -150.25945, 15.72400,   0.00000, 0.00000, -191.41983,1400, 15);
	CreateDynamicObject(19464, -1334.87549, -144.73883, 15.72400,   0.00000, 0.00000, -197.41980,1400, 15);
	CreateDynamicObject(19464, -1332.58484, -139.63910, 15.72400,   0.00000, 0.00000, -210.61975,1400, 15);
	CreateDynamicObject(19464, -1329.54614, -135.03014, 15.72400,   0.00000, 0.00000, -216.37976,1400, 15);
	CreateDynamicObject(19464, -1326.27307, -131.00909, 15.72400,   0.00000, 0.00000, -222.49974,1400, 15);
	CreateDynamicObject(19464, -1321.94153, -127.27402, 15.72400,   0.00000, 0.00000, -236.11974,1400, 15);
	CreateDynamicObject(19464, -1317.11755, -124.41999, 15.72400,   0.00000, 0.00000, -242.77965,1400, 15);
	CreateDynamicObject(19464, -1311.99976, -122.09509, 15.72400,   0.00000, 0.00000, -248.71959,1400, 15);
	CreateDynamicObject(19464, -1306.84314, -120.27528, 15.72400,   0.00000, 0.00000, -252.61952,1400, 15);
	CreateDynamicObject(19464, -1301.62390, -119.04571, 15.72400,   0.00000, 0.00000, -261.91959,1400, 15);
	CreateDynamicObject(19464, -1296.14233, -118.61366, 15.72400,   0.00000, 0.00000, -268.69940,1400, 15);
	CreateDynamicObject(19464, -1290.89807, -119.12144, 15.72400,   0.00000, 0.00000, -281.41922,1400, 15);
	CreateDynamicObject(19464, -1285.61060, -120.50056, 15.72400,   0.00000, 0.00000, -287.71906,1400, 15);
	CreateDynamicObject(19464, -1280.53552, -122.41307, 15.72400,   0.00000, 0.00000, -293.83893,1400, 15);
	CreateDynamicObject(19464, -1275.64050, -124.95971, 15.72400,   0.00000, 0.00000, -300.79874,1400, 15);
	CreateDynamicObject(19464, -1271.26636, -127.95238, 15.72400,   0.00000, 0.00000, -308.59857,1400, 15);
	CreateDynamicObject(19464, -1267.27405, -131.97031, 15.72400,   0.00000, 0.00000, -321.49857,1400, 15);
	CreateDynamicObject(19464, -1264.11865, -136.50291, 15.72400,   0.00000, 0.00000, -328.69849,1400, 15);
	CreateDynamicObject(19464, -1261.40125, -141.46123, 15.72400,   0.00000, 0.00000, -333.85831,1400, 15);
	CreateDynamicObject(19464, -1259.39197, -146.55348, 15.72400,   0.00000, 0.00000, -342.73795,1400, 15);
	CreateDynamicObject(19464, -1258.16760, -152.07494, 15.72400,   0.00000, 0.00000, -352.39767,1400, 15);
	CreateDynamicObject(19464, -1257.63989, -157.30853, 15.72400,   0.00000, 0.00000, -356.11752,1400, 15);
	CreateDynamicObject(19464, -1257.61438, -162.75369, 15.72400,   0.00000, 0.00000, -363.31732,1400, 15);
	CreateDynamicObject(19464, -1258.17676, -167.89552, 15.72400,   0.00000, 0.00000, -368.65710,1400, 15);
	CreateDynamicObject(19464, -1259.26270, -173.44833, 15.72400,   0.00000, 0.00000, -373.33691,1400, 15);
	CreateDynamicObject(19464, -1261.25806, -178.44284, 15.72400,   0.00000, 0.00000, -389.65643,1400, 15);
	CreateDynamicObject(19464, -1263.98071, -182.98482, 15.72400,   0.00000, 0.00000, -392.29633,1400, 15);
	CreateDynamicObject(19464, -1267.27039, -187.49081, 15.72400,   0.00000, 0.00000, -399.61618,1400, 15);
	CreateDynamicObject(19464, -1271.03235, -191.29509, 15.72400,   0.00000, 0.00000, -409.75626,1400, 15);
	CreateDynamicObject(19464, -1273.60449, -193.23224, 15.72400,   0.00000, 0.00000, -414.01614,1400, 15);
	CreateDynamicObject(19464, -1291.21350, -152.04881, 15.72010,   0.00000, 0.00000, -139.00000,1400, 15);
	CreateDynamicObject(19464, -1289.94434, -157.55540, 15.72010,   0.00000, 0.00000, -84.00000,1400, 15);
	CreateDynamicObject(19464, -1286.67188, -153.10031, 15.72010,   0.00000, 0.00000, -66.00000,1400, 15);
	CreateDynamicObject(19464, -1281.42676, -150.76144, 15.72010,   0.00000, 0.00000, -66.00000,1400, 15);
	CreateDynamicObject(19464, -1298.49500, -149.90112, 15.72010,   0.00000, 0.00000, -84.00000,1400, 15);
	CreateDynamicObject(19464, -1303.63049, -152.22685, 15.72010,   0.00000, 0.00000, -47.00000,1400, 15);
	CreateDynamicObject(19464, -1305.04700, -162.31697, 15.72010,   0.00000, 0.00000, 22.00000,1400, 15);
	CreateDynamicObject(19464, -1286.94702, -158.32545, 15.72010,   0.00000, 0.00000, -171.00000,1400, 15);
	CreateDynamicObject(19464, -1284.65112, -154.75719, 15.72010,   0.00000, 0.00000, -74.00000,1400, 15);
	CreateDynamicObject(19464, -1281.67834, -156.89996, 15.72010,   0.00000, 0.00000, -175.00000,1400, 15);
	CreateDynamicObject(19464, -1281.40527, -161.03256, 15.72010,   0.00000, 0.00000, -177.00000,1400, 15);
	CreateDynamicObject(19464, -1279.86743, -163.85193, 15.72010,   0.00000, 0.00000, -269.00000,1400, 15);
	CreateDynamicObject(19464, -1285.26660, -163.91991, 15.72010,   0.00000, 0.00000, -269.00000,1400, 15);
	CreateDynamicObject(19464, -1283.48621, -148.69160, 15.72010,   0.00000, 0.00000, -139.00000,1400, 15);
	CreateDynamicObject(19464, -1289.20007, -148.92822, 15.72010,   0.00000, 0.00000, -123.00000,1400, 15);
	CreateDynamicObject(19464, -1287.55334, -145.24933, 15.72010,   0.00000, 0.00000, -123.00000,1400, 15);
	CreateDynamicObject(19464, -1291.07532, -147.71294, 15.72010,   0.00000, 0.00000, -123.00000,1400, 15);
	CreateDynamicObject(19464, -1294.11353, -147.22044, 15.72010,   0.00000, 0.00000, -33.00000,1400, 15);
	CreateDynamicObject(19464, -1293.04858, -145.15315, 15.72010,   0.00000, 0.00000, -31.00000,1400, 15);
	CreateDynamicObject(19464, -1276.09570, -148.41655, 15.72010,   0.00000, 0.00000, -66.00000,1400, 15);
	CreateDynamicObject(19464, -1292.63501, -136.62714, 15.72010,   0.00000, 0.00000, -123.00000,1400, 15);
	CreateDynamicObject(19464, -1294.35242, -141.56914, 15.72010,   0.00000, 0.00000, -113.00000,1400, 15);
	CreateDynamicObject(19464, -1296.00476, -137.70532, 15.72010,   0.00000, 0.00000, -18.00000,1400, 15);
	CreateDynamicObject(19464, -1287.80383, -140.03943, 15.72010,   0.00000, 0.00000, -127.00000,1400, 15);
	CreateDynamicObject(19464, -1283.22144, -143.74564, 15.72010,   0.00000, 0.00000, -131.00000,1400, 15);
	CreateDynamicObject(19464, -1276.63196, -145.62608, 15.72010,   0.00000, 0.00000, -139.00000,1400, 15);
	CreateDynamicObject(19464, -1280.67432, -141.55800, 15.72010,   0.00000, 0.00000, -131.00000,1400, 15);
	CreateDynamicObject(19464, -1281.68311, -137.07259, 15.72010,   0.00000, 0.00000, -202.00000,1400, 15);
	CreateDynamicObject(19464, -1279.15906, -138.22147, 15.72010,   0.00000, 0.00000, -131.00000,1400, 15);
	CreateDynamicObject(19464, -1280.43506, -133.98114, 15.72010,   0.00000, 0.00000, -202.00000,1400, 15);
	CreateDynamicObject(19464, -1274.72363, -126.68098, 15.72010,   0.00000, 0.00000, -212.00000,1400, 15);
	CreateDynamicObject(19464, -1280.49524, -130.58900, 15.72010,   0.00000, 0.00000, -120.00000,1400, 15);
	CreateDynamicObject(19464, -1278.73413, -127.65720, 15.72010,   0.00000, 0.00000, -120.00000,1400, 15);
	CreateDynamicObject(19464, -1285.82263, -128.36205, 15.72010,   0.00000, 0.00000, -106.00000,1400, 15);
	CreateDynamicObject(19464, -1286.13940, -125.39666, 15.72010,   0.00000, 0.00000, -212.00000,1400, 15);
	CreateDynamicObject(19464, -1288.45691, -127.60663, 15.72010,   0.00000, 0.00000, -106.00000,1400, 15);
	CreateDynamicObject(19464, -1290.97620, -123.94338, 15.72010,   0.00000, 0.00000, -186.00000,1400, 15);
	CreateDynamicObject(19464, -1289.12402, -122.20014, 15.72010,   0.00000, 0.00000, -220.00000,1400, 15);
	CreateDynamicObject(19464, -1286.77954, -137.36877, 15.72010,   0.00000, 0.00000, -198.00000,1400, 15);
	CreateDynamicObject(19464, -1287.91711, -131.33459, 15.72010,   0.00000, 0.00000, -106.00000,1400, 15);
	CreateDynamicObject(19464, -1285.98584, -134.87970, 15.72010,   0.00000, 0.00000, -198.00000,1400, 15);
	CreateDynamicObject(19464, -1292.99414, -129.85809, 15.72010,   0.00000, 0.00000, -106.00000,1400, 15);
	CreateDynamicObject(19464, -1295.58130, -126.22459, 15.72010,   0.00000, 0.00000, -184.00000,1400, 15);
	CreateDynamicObject(19464, -1299.35962, -124.44311, 15.72010,   0.00000, 0.00000, -184.00000,1400, 15);
	CreateDynamicObject(19464, -1299.75439, -130.25655, 15.72010,   0.00000, 0.00000, -184.00000,1400, 15);
	CreateDynamicObject(19464, -1296.86353, -132.36263, 15.72010,   0.00000, 0.00000, -92.00000,1400, 15);
	CreateDynamicObject(19464, -1270.74719, -146.07237, 15.72010,   0.00000, 0.00000, -66.00000,1400, 15);
	CreateDynamicObject(19464, -1270.20117, -142.70676, 15.72010,   0.00000, 0.00000, -137.00000,1400, 15);
	CreateDynamicObject(19464, -1276.40356, -140.60803, 15.72010,   0.00000, 0.00000, -131.00000,1400, 15);
	CreateDynamicObject(19464, -1273.22424, -139.44853, 15.72010,   0.00000, 0.00000, -137.00000,1400, 15);
	CreateDynamicObject(19464, -1273.01221, -135.21033, 15.72010,   0.00000, 0.00000, -44.00000,1400, 15);
	CreateDynamicObject(19464, -1267.68250, -136.21646, 15.72010,   0.00000, 0.00000, -52.00000,1400, 15);
	CreateDynamicObject(19464, -1267.63086, -141.19498, 15.72010,   0.00000, 0.00000, -52.00000,1400, 15);
	CreateDynamicObject(19464, -1263.69275, -145.22090, 15.72010,   0.00000, 0.00000, -159.00000,1400, 15);
	CreateDynamicObject(19464, -1277.90454, -152.41985, 15.72010,   0.00000, 0.00000, -163.00000,1400, 15);
	CreateDynamicObject(19464, -1276.67297, -157.60634, 15.72010,   0.00000, 0.00000, -169.00000,1400, 15);
	CreateDynamicObject(19464, -1274.92896, -160.10289, 15.72010,   0.00000, 0.00000, -257.00000,1400, 15);
	CreateDynamicObject(19464, -1273.06274, -156.64439, 15.72010,   0.00000, 0.00000, -163.00000,1400, 15);
	CreateDynamicObject(19464, -1273.96545, -153.99567, 15.72010,   0.00000, 0.00000, -161.00000,1400, 15);
	CreateDynamicObject(19464, -1271.93726, -162.39467, 15.72010,   0.00000, 0.00000, -175.00000,1400, 15);
	CreateDynamicObject(19464, -1265.43640, -148.86801, 15.72010,   0.00000, 0.00000, -70.00000,1400, 15);
	CreateDynamicObject(19464, -1268.66919, -150.04457, 15.72010,   0.00000, 0.00000, -70.00000,1400, 15);
	CreateDynamicObject(19464, -1270.32288, -153.73245, 15.72010,   0.00000, 0.00000, -159.00000,1400, 15);
	CreateDynamicObject(19464, -1268.65332, -159.29301, 15.72010,   0.00000, 0.00000, -167.00000,1400, 15);
	CreateDynamicObject(19464, -1265.10352, -161.95683, 15.72010,   0.00000, 0.00000, -86.00000,1400, 15);
	CreateDynamicObject(19464, -1259.61243, -161.57269, 15.72010,   0.00000, 0.00000, -86.00000,1400, 15);
	CreateDynamicObject(19464, -1265.36768, -151.88525, 15.72010,   0.00000, 0.00000, -159.00000,1400, 15);
	CreateDynamicObject(19464, -1260.49451, -157.26202, 15.72010,   0.00000, 0.00000, -86.00000,1400, 15);
	CreateDynamicObject(19464, -1263.46753, -157.48936, 15.72010,   0.00000, 0.00000, -86.00000,1400, 15);
	CreateDynamicObject(19464, -1263.21460, -165.58432, 15.72010,   0.00000, 0.00000, -92.00000,1400, 15);
	CreateDynamicObject(19464, -1265.26184, -165.50978, 15.72010,   0.00000, 0.00000, -92.00000,1400, 15);
	CreateDynamicObject(19464, -1271.85571, -167.45145, 15.72010,   0.00000, 0.00000, -183.00000,1400, 15);
	CreateDynamicObject(19464, -1269.08984, -169.16547, 15.72010,   0.00000, 0.00000, -92.00000,1400, 15);
	CreateDynamicObject(19464, -1264.90222, -168.43291, 15.72010,   0.00000, 0.00000, -189.00000,1400, 15);
	CreateDynamicObject(19464, -1268.04932, -169.18828, 15.72010,   0.00000, 0.00000, -92.00000,1400, 15);
	CreateDynamicObject(19464, -1291.38196, -165.07956, 15.72010,   0.00000, 0.00000, -139.00000,1400, 15);
	CreateDynamicObject(19464, -1288.59375, -168.31567, 15.72010,   0.00000, 0.00000, -139.00000,1400, 15);
	CreateDynamicObject(19464, -1289.21960, -171.93970, 15.72010,   0.00000, 0.00000, -239.00000,1400, 15);
	CreateDynamicObject(19464, -1294.13794, -174.01707, 15.72010,   0.00000, 0.00000, -255.00000,1400, 15);
	CreateDynamicObject(19464, -1294.84424, -169.16623, 15.72010,   0.00000, 0.00000, -261.00000,1400, 15);
	CreateDynamicObject(19464, -1296.85193, -169.47194, 15.72010,   0.00000, 0.00000, -261.00000,1400, 15);
	CreateDynamicObject(19464, -1301.61938, -167.77470, 15.72010,   0.00000, 0.00000, -208.00000,1400, 15);
	CreateDynamicObject(19464, -1300.73706, -172.65324, 15.72010,   0.00000, 0.00000, -22.00000,1400, 15);
	CreateDynamicObject(19464, -1303.89087, -172.98622, 15.72010,   0.00000, 0.00000, -131.00000,1400, 15);
	CreateDynamicObject(19464, -1307.24109, -169.60176, 15.72010,   0.00000, 0.00000, -140.00000,1400, 15);
	CreateDynamicObject(19464, -1306.46204, -166.12666, 15.72010,   0.00000, 0.00000, -63.00000,1400, 15);
	CreateDynamicObject(19464, -1282.79138, -174.99696, 15.72010,   0.00000, 0.00000, -139.00000,1400, 15);
	CreateDynamicObject(19464, -1279.10547, -179.19936, 15.72010,   0.00000, 0.00000, -139.00000,1400, 15);
	CreateDynamicObject(19464, -1275.48572, -183.39275, 15.72010,   0.00000, 0.00000, -139.00000,1400, 15);
	CreateDynamicObject(19464, -1271.82507, -183.40594, 15.72010,   0.00000, 0.00000, -41.00000,1400, 15);
	CreateDynamicObject(19464, -1268.09326, -183.39934, 15.72010,   0.00000, 0.00000, -139.00000,1400, 15);
	CreateDynamicObject(19464, -1266.93481, -184.72363, 15.72010,   0.00000, 0.00000, -139.00000,1400, 15);
	CreateDynamicObject(19464, -1273.44641, -172.93161, 15.72010,   0.00000, 0.00000, -209.00000,1400, 15);
	CreateDynamicObject(19464, -1264.93542, -179.88580, 15.72010,   0.00000, 0.00000, -147.00000,1400, 15);
	CreateDynamicObject(19464, -1268.14453, -175.00810, 15.72010,   0.00000, 0.00000, -147.00000,1400, 15);
	CreateDynamicObject(19464, -1271.07751, -179.97755, 15.72010,   0.00000, 0.00000, -139.00000,1400, 15);
	CreateDynamicObject(19464, -1278.47998, -166.43549, 15.72010,   0.00000, 0.00000, -29.00000,1400, 15);
	CreateDynamicObject(19464, -1278.99536, -175.21933, 15.72010,   0.00000, 0.00000, -27.00000,1400, 15);
	CreateDynamicObject(19464, -1277.28162, -171.93378, 15.72010,   0.00000, 0.00000, -27.00000,1400, 15);
	CreateDynamicObject(19464, -1279.94531, -169.08366, 15.72010,   0.00000, 0.00000, -29.00000,1400, 15);
	CreateDynamicObject(19464, -1274.60339, -175.05670, 15.72010,   0.00000, 0.00000, -209.00000,1400, 15);
	CreateDynamicObject(19464, -1285.61438, -169.74800, 15.72010,   0.00000, 0.00000, -239.00000,1400, 15);
	CreateDynamicObject(19464, -1297.91870, -177.52486, 15.72010,   0.00000, 0.00000, -200.00000,1400, 15);
	CreateDynamicObject(19464, -1298.16089, -178.25906, 15.72010,   0.00000, 0.00000, -200.00000,1400, 15);
	CreateDynamicObject(19464, -1302.79883, -177.72633, 15.72010,   0.00000, 0.00000, -22.00000,1400, 15);
	CreateDynamicObject(19464, -1296.15723, -181.13254, 15.72010,   0.00000, 0.00000, -93.00000,1400, 15);
	CreateDynamicObject(19464, -1302.00439, -183.61613, 15.72010,   0.00000, 0.00000, -105.00000,1400, 15);
	CreateDynamicObject(19464, -1296.17932, -184.57689, 15.72010,   0.00000, 0.00000, -93.00000,1400, 15);
	CreateDynamicObject(19464, -1290.49768, -180.82544, 15.72010,   0.00000, 0.00000, -79.00000,1400, 15);
	CreateDynamicObject(19464, -1285.87292, -179.68108, 15.72010,   0.00000, 0.00000, -73.00000,1400, 15);
	CreateDynamicObject(19464, -1292.80542, -187.64583, 15.72010,   0.00000, 0.00000, -171.00000,1400, 15);
	CreateDynamicObject(19464, -1295.49512, -188.62112, 15.72010,   0.00000, 0.00000, -93.00000,1400, 15);
	CreateDynamicObject(19464, -1297.83801, -191.34781, 15.72010,   0.00000, 0.00000, -171.00000,1400, 15);
	CreateDynamicObject(19464, -1290.46265, -192.83664, 15.72010,   0.00000, 0.00000, -85.00000,1400, 15);
	CreateDynamicObject(19464, -1303.81738, -180.16261, 15.72010,   0.00000, 0.00000, -22.00000,1400, 15);
	CreateDynamicObject(19464, -1297.27161, -195.04193, 15.72010,   0.00000, 0.00000, -171.00000,1400, 15);
	CreateDynamicObject(19464, -1293.88806, -197.35034, 15.72010,   0.00000, 0.00000, -81.00000,1400, 15);
	CreateDynamicObject(19464, -1288.19019, -196.18164, 15.72010,   0.00000, 0.00000, -75.00000,1400, 15);
	CreateDynamicObject(19464, -1282.61023, -194.35208, 15.72010,   0.00000, 0.00000, -69.00000,1400, 15);
	CreateDynamicObject(19464, -1287.41968, -192.87129, 15.72010,   0.00000, 0.00000, -171.00000,1400, 15);
	CreateDynamicObject(19464, -1288.32544, -187.22823, 15.72010,   0.00000, 0.00000, -171.00000,1400, 15);
	CreateDynamicObject(19464, -1281.51477, -181.32063, 15.72010,   0.00000, 0.00000, -145.00000,1400, 15);
	CreateDynamicObject(19464, -1279.34009, -186.64856, 15.72010,   0.00000, 0.00000, -171.00000,1400, 15);
	CreateDynamicObject(19464, -1282.48401, -185.26398, 15.72010,   0.00000, 0.00000, -63.00000,1400, 15);
	CreateDynamicObject(19464, -1274.15784, -190.24806, 15.72010,   0.00000, 0.00000, -139.00000,1400, 15);
	CreateDynamicObject(19464, -1288.16333, -177.42342, 15.72010,   0.00000, 0.00000, -171.00000,1400, 15);
	CreateDynamicObject(19464, -1307.38208, -181.23315, 15.72010,   0.00000, 0.00000, -123.00000,1400, 15);
	CreateDynamicObject(19464, -1307.32214, -175.46106, 15.72010,   0.00000, 0.00000, -131.00000,1400, 15);
	CreateDynamicObject(19464, -1311.64978, -175.66458, 15.72010,   0.00000, 0.00000, -44.00000,1400, 15);
	CreateDynamicObject(19464, -1313.28040, -177.37859, 15.72010,   0.00000, 0.00000, -44.00000,1400, 15);
	CreateDynamicObject(19464, -1313.28040, -177.37859, 15.72010,   0.00000, 0.00000, -44.00000,1400, 15);
	CreateDynamicObject(19464, -1310.32849, -180.24297, 15.72010,   0.00000, 0.00000, -44.00000,1400, 15);
	CreateDynamicObject(19464, -1313.25854, -181.42471, 15.72010,   0.00000, 0.00000, -135.00000,1400, 15);
	CreateDynamicObject(19464, -1314.43713, -184.47432, 15.72010,   0.00000, 0.00000, -44.00000,1400, 15);
	CreateDynamicObject(19464, -1313.91443, -188.11604, 15.72010,   0.00000, 0.00000, -123.00000,1400, 15);
	CreateDynamicObject(19464, -1308.98816, -190.69830, 15.72010,   0.00000, 0.00000, -113.00000,1400, 15);
	CreateDynamicObject(19464, -1304.07764, -192.58301, 15.72010,   0.00000, 0.00000, -109.00000,1400, 15);
	CreateDynamicObject(19464, -1303.16602, -186.46399, 15.72010,   0.00000, 0.00000, -22.00000,1400, 15);
	CreateDynamicObject(19464, -1308.41736, -187.77321, 15.72010,   0.00000, 0.00000, -22.00000,1400, 15);
	CreateDynamicObject(19464, -1310.29333, -192.26784, 15.72010,   0.00000, 0.00000, -22.00000,1400, 15);
	CreateDynamicObject(19464, -1303.74695, -195.17363, 15.72010,   0.00000, 0.00000, -54.00000,1400, 15);
	CreateDynamicObject(19464, -1307.92078, -163.08699, 15.72010,   0.00000, 0.00000, -63.00000,1400, 15);
	CreateDynamicObject(19464, -1312.98230, -165.62553, 15.72010,   0.00000, 0.00000, -63.00000,1400, 15);
	CreateDynamicObject(19464, -1313.24231, -168.99022, 15.72010,   0.00000, 0.00000, -143.00000,1400, 15);
	CreateDynamicObject(19464, -1313.62817, -173.33464, 15.72010,   0.00000, 0.00000, -44.00000,1400, 15);
	CreateDynamicObject(19464, -1317.33655, -177.18031, 15.72010,   0.00000, 0.00000, -44.00000,1400, 15);
	CreateDynamicObject(19464, -1318.54810, -180.17885, 15.72010,   0.00000, 0.00000, -135.00000,1400, 15);
	CreateDynamicObject(19464, -1316.62195, -172.05844, 15.72010,   0.00000, 0.00000, -145.00000,1400, 15);
	CreateDynamicObject(19464, -1319.65466, -167.03728, 15.72010,   0.00000, 0.00000, -153.00000,1400, 15);
	CreateDynamicObject(19464, -1317.57068, -159.52046, 15.72010,   0.00000, 0.00000, -91.00000,1400, 15);
	CreateDynamicObject(19464, -1320.64917, -161.60742, 15.72010,   0.00000, 0.00000, -185.00000,1400, 15);
	CreateDynamicObject(19464, -1319.88123, -172.62772, 15.72010,   0.00000, 0.00000, -44.00000,1400, 15);
	CreateDynamicObject(19464, -1323.89368, -176.75346, 15.72010,   0.00000, 0.00000, -44.00000,1400, 15);
	CreateDynamicObject(19464, -1330.18860, -183.27591, 15.72010,   0.00000, 0.00000, -44.00000,1400, 15);
	CreateDynamicObject(19464, -1321.51367, -181.57817, 15.72010,   0.00000, 0.00000, -44.00000,1400, 15);
	CreateDynamicObject(19464, -1319.35864, -179.42308, 15.72010,   0.00000, 0.00000, -135.00000,1400, 15);
	CreateDynamicObject(19464, -1320.60181, -186.34505, 15.72010,   0.00000, 0.00000, -44.00000,1400, 15);
	CreateDynamicObject(19464, -1323.01697, -188.81752, 15.72010,   0.00000, 0.00000, -44.00000,1400, 15);
	CreateDynamicObject(19464, -1316.53101, -189.84630, 15.72010,   0.00000, 0.00000, -44.00000,1400, 15);
	CreateDynamicObject(19464, -1317.61597, -190.97206, 15.72010,   0.00000, 0.00000, -44.00000,1400, 15);
	CreateDynamicObject(19464, -1322.66455, -182.78119, 15.72010,   0.00000, 0.00000, -44.00000,1400, 15);
	CreateDynamicObject(19464, -1323.44873, -158.71849, 15.72010,   0.00000, 0.00000, -91.00000,1400, 15);
	CreateDynamicObject(19464, -1325.68494, -164.33064, 15.72010,   0.00000, 0.00000, -167.00000,1400, 15);
	CreateDynamicObject(19464, -1324.32971, -169.04199, 15.72010,   0.00000, 0.00000, -161.00000,1400, 15);
	CreateDynamicObject(19464, -1328.85693, -158.63274, 15.72010,   0.00000, 0.00000, -91.00000,1400, 15);
	CreateDynamicObject(19464, -1331.32715, -158.56871, 15.72010,   0.00000, 0.00000, -91.00000,1400, 15);
	CreateDynamicObject(19464, -1333.69580, -161.93999, 15.72010,   0.00000, 0.00000, -91.00000,1400, 15);
	CreateDynamicObject(19464, -1331.66895, -162.01430, 15.72010,   0.00000, 0.00000, -91.00000,1400, 15);
	CreateDynamicObject(19464, -1331.88574, -164.80034, 15.72010,   0.00000, 0.00000, -167.00000,1400, 15);
	CreateDynamicObject(19464, -1330.33350, -170.31845, 15.72010,   0.00000, 0.00000, -161.00000,1400, 15);
	CreateDynamicObject(19464, -1326.18848, -172.31091, 15.72010,   0.00000, 0.00000, -79.00000,1400, 15);
	CreateDynamicObject(19464, -1326.61938, -172.40315, 15.72010,   0.00000, 0.00000, -79.00000,1400, 15);
	CreateDynamicObject(19464, -1330.73450, -167.37784, 15.72010,   0.00000, 0.00000, -79.00000,1400, 15);
	CreateDynamicObject(19464, -1318.04541, -163.91908, 15.72010,   0.00000, 0.00000, -79.00000,1400, 15);
	CreateDynamicObject(19464, -1313.75635, -163.04640, 15.72010,   0.00000, 0.00000, -79.00000,1400, 15);
	CreateDynamicObject(19464, -1300.20386, -135.97221, 15.72010,   0.00000, 0.00000, -184.00000,1400, 15);
	CreateDynamicObject(19464, -1300.56104, -140.89679, 15.72010,   0.00000, 0.00000, -184.00000,1400, 15);
	CreateDynamicObject(19464, -1299.41309, -144.87869, 15.72010,   0.00000, 0.00000, -84.00000,1400, 15);
	CreateDynamicObject(19464, -1300.85181, -144.43169, 15.72010,   0.00000, 0.00000, -184.00000,1400, 15);
	CreateDynamicObject(19464, -1304.61963, -146.93347, 15.72010,   0.00000, 0.00000, -53.00000,1400, 15);
	CreateDynamicObject(19464, -1305.93042, -156.98106, 15.72010,   0.00000, 0.00000, -2.00000,1400, 15);
	CreateDynamicObject(19464, -1308.22986, -152.62257, 15.72010,   0.00000, 0.00000, -123.00000,1400, 15);
	CreateDynamicObject(19464, -1309.31348, -147.09103, 15.72010,   0.00000, 0.00000, -123.00000,1400, 15);
	CreateDynamicObject(19464, -1313.15906, -147.98508, 15.72010,   0.00000, 0.00000, -31.00000,1400, 15);
	CreateDynamicObject(19464, -1315.02209, -153.31735, 15.72010,   0.00000, 0.00000, -7.00000,1400, 15);
	CreateDynamicObject(19464, -1312.59778, -156.07558, 15.72010,   0.00000, 0.00000, -121.00000,1400, 15);
	CreateDynamicObject(19464, -1302.49805, -128.06483, 15.72010,   0.00000, 0.00000, -82.00000,1400, 15);
	CreateDynamicObject(19464, -1307.85022, -129.97891, 15.72010,   0.00000, 0.00000, -58.00000,1400, 15);
	CreateDynamicObject(19464, -1312.09485, -133.80757, 15.72010,   0.00000, 0.00000, -40.00000,1400, 15);
	CreateDynamicObject(19464, -1311.79700, -138.00946, 15.72010,   0.00000, 0.00000, -133.00000,1400, 15);
	CreateDynamicObject(19464, -1309.09875, -140.55438, 15.72010,   0.00000, 0.00000, -133.00000,1400, 15);
	CreateDynamicObject(19464, -1308.18347, -137.40013, 15.72010,   0.00000, 0.00000, -52.00000,1400, 15);
	CreateDynamicObject(19464, -1305.29346, -135.08089, 15.72010,   0.00000, 0.00000, -52.00000,1400, 15);
	CreateDynamicObject(19464, -1312.05371, -124.60830, 15.72010,   0.00000, 0.00000, -153.00000,1400, 15);
	CreateDynamicObject(19464, -1313.09937, -128.82587, 15.72010,   0.00000, 0.00000, -54.00000,1400, 15);
	CreateDynamicObject(19464, -1317.28113, -132.87364, 15.72010,   0.00000, 0.00000, -36.00000,1400, 15);
	CreateDynamicObject(19464, -1320.64709, -133.54796, 15.72010,   0.00000, 0.00000, -133.00000,1400, 15);
	CreateDynamicObject(19464, -1317.00952, -140.87770, 15.72010,   0.00000, 0.00000, -32.00000,1400, 15);
	CreateDynamicObject(19464, -1316.66052, -137.27161, 15.72010,   0.00000, 0.00000, -133.00000,1400, 15);
	CreateDynamicObject(19464, -1327.14636, -136.54904, 15.72010,   0.00000, 0.00000, -133.00000,1400, 15);
	CreateDynamicObject(19464, -1324.69592, -138.85506, 15.72010,   0.00000, 0.00000, -133.00000,1400, 15);
	CreateDynamicObject(19464, -1323.84473, -143.35573, 15.72010,   0.00000, 0.00000, -26.00000,1400, 15);
	CreateDynamicObject(19464, -1332.97485, -155.60120, 15.72010,   0.00000, 0.00000, -3.00000,1400, 15);
	CreateDynamicObject(19464, -1331.99658, -149.95877, 15.72010,   0.00000, 0.00000, -17.00000,1400, 15);
	CreateDynamicObject(19464, -1329.78210, -144.68437, 15.72010,   0.00000, 0.00000, -29.00000,1400, 15);
	CreateDynamicObject(19464, -1325.81079, -148.80885, 15.72010,   0.00000, 0.00000, -14.00000,1400, 15);
	CreateDynamicObject(19464, -1326.52966, -151.73038, 15.72010,   0.00000, 0.00000, -14.00000,1400, 15);
	CreateDynamicObject(19464, -1326.82971, -151.62840, 15.72010,   0.00000, 0.00000, -97.00000,1400, 15);
	CreateDynamicObject(19464, -1318.04443, -154.60956, 15.72010,   0.00000, 0.00000, -89.00000,1400, 15);
	CreateDynamicObject(19464, -1321.60803, -145.40045, 15.72010,   0.00000, 0.00000, -111.00000,1400, 15);
	CreateDynamicObject(19464, -1317.56848, -150.18991, 15.72010,   0.00000, 0.00000, -99.00000,1400, 15);
	CreateDynamicObject(19464, -1303.26575, -138.90999, 15.72010,   0.00000, 0.00000, -84.00000,1400, 15);
	CreateDynamicObject(18753, -1298.55054, -166.22749, 12.65210,   0.00000, 0.00000, 0.00000,1400, 15);